3	2	2	2	1	1933	2	9	3	2	3	3	2	3	1
3	3	3	2	2	1938	2	9	3	2	2	3	2	2	2
3	4	4	4	2	1952	2	9	3	4	2	2	2	2	2
3	3	3	3	2	1952	2	9	3	2	3	2	4	3	2
3	2	2	1	1	1988	1	9	3	4	3	2	1	2	2
3	2	2	2	2	1920	0	9	1	1	1	1	6	1	3
3	2	2	2	2	9	7	9	9	9	9	9	9	9	9
3	2	2	2	2	1956	5	32	6	2	4	6	2	2	1
3	2	2	2	2	1974	5	30	3	3	2	2	2	2	2
3	7	7	2	1	1937	6	28	6	3	4	4	1	1	2
3	3	3	3	2	1964	5	27	2	6	2	4	3	2	3
3	2	3	3	1	1964	5	27	3	3	4	3	4	2	4
3	1	1	1	1	1954	6	26	3	5	2	5	1	3	1
3	2	2	2	2	1954	5	26	2	3	2	2	2	2	2
3	2	3	3	1	1963	5	25	2	2	2	1	2	2	2
3	1	1	1	1	1962	6	24	3	3	2	4	1	3	5
3	1	1	1	1	1952	5	23	1	4	4	1	1	1	2
3	2	2	2	1	1973	5	23	3	3	5	3	2	3	2
3	2	2	3	2	1938	5	22	5	2	5	4	4	2	1
3	3	3	3	2	1941	5	22	4	2	2	2	3	3	1
3	2	2	2	1	1954	5	22	2	2	4	3	1	2	1
3	2	2	2	1	1957	5	22	4	3	4	4	3	2	2
3	1	1	1	1	1975	5	22	3	3	2	1	1	1	2
3	1	2	2	2	1976	5	22	4	3	3	3	3	3	2
3	2	2	3	1	1976	5	22	4	4	3	2	2	1	2
3	1	1	1	1	1941	5	21	9	2	2	1	2	2	1
3	2	3	3	1	1941	5	21	3	3	4	4	3	2	2
3	1	2	2	1	1945	5	21	4	2	4	3	2	2	3
3	2	2	2	2	1948	5	21	2	2	1	3	1	1	1
3	2	2	2	1	1951	5	21	5	4	4	4	1	2	3
3	2	2	2	2	1953	5	21	2	4	5	3	6	1	1
3	3	3	2	2	1958	5	21	2	4	3	4	2	2	2
3	1	2	2	1	1960	5	21	3	3	2	3	2	2	3
3	2	2	2	2	1960	5	21	3	3	2	2	1	1	2
3	2	2	2	1	1962	5	21	3	3	2	2	2	2	2
3	3	3	3	1	1962	5	21	3	2	5	2	6	3	1
3	3	3	3	1	1963	6	21	5	2	3	2	2	2	1
3	2	2	2	1	1967	5	21	2	5	3	4	2	2	2
3	2	2	2	1	1968	5	21	3	2	4	4	1	2	1
3	2	2	2	2	1969	5	21	3	4	3	3	2	2	1
3	2	2	2	1	1974	3	21	3	4	4	2	2	2	2
3	1	2	2	1	1918	5	20	2	1	1	1	1	2	2
3	3	2	3	1	1919	5	20	2	2	2	2	2	2	2
3	2	2	2	1	1935	5	20	3	3	1	3	2	3	2
3	2	2	3	2	1941	4	20	5	3	2	2	1	2	2
3	1	1	1	2	1941	5	20	4	3	3	5	2	2	2
3	2	2	2	1	1943	5	20	5	4	3	4	2	4	4
3	2	2	3	2	1946	5	20	6	4	5	5	5	4	3
3	2	2	2	1	1946	5	20	3	1	3	2	1	1	1
3	2	3	3	1	1946	5	20	3	1	1	1	3	3	2
3	2	3	3	1	1950	6	20	2	3	2	2	1	2	2
3	2	2	2	2	1952	5	20	3	4	5	5	1	1	1
3	1	1	3	1	1955	2	20	3	4	4	2	2	2	1
3	2	2	3	2	1956	5	20	5	5	4	5	2	2	2
3	1	1	1	2	1957	5	20	4	3	4	4	2	2	2
3	2	2	2	1	1959	5	20	5	5	5	3	2	2	2
3	2	1	1	1	1959	5	20	4	4	3	4	3	3	3
3	4	4	4	2	1960	5	20	3	2	2	2	3	2	2
3	2	2	2	2	1961	5	20	4	5	3	1	1	5	1
3	4	3	4	2	1961	5	20	4	2	4	3	2	2	3
3	1	1	1	1	1962	5	20	3	5	3	3	2	2	2
3	2	8	2	1	1962	5	20	2	5	6	2	1	1	1
3	1	1	1	1	1962	5	20	5	5	4	4	1	3	3
3	3	3	3	2	1964	5	20	3	2	3	2	2	2	1
3	3	3	3	2	1966	5	20	9	9	9	9	9	9	9
3	2	2	2	2	1967	5	20	5	5	4	4	2	2	3
3	1	1	1	2	1968	5	20	1	3	2	3	2	2	1
3	2	3	3	1	1968	5	20	4	2	2	3	2	3	2
3	3	2	3	1	1970	5	20	9	5	2	2	2	2	2
3	2	2	2	2	1971	5	20	4	4	1	1	2	3	1
3	2	2	2	2	1971	5	20	5	3	2	2	1	4	4
3	2	2	2	2	1972	5	20	4	3	4	3	3	1	3
3	2	4	3	2	1972	5	20	1	5	4	4	3	2	2
3	1	1	1	2	1972	6	20	3	2	2	2	2	3	2
3	1	1	2	1	1973	5	20	2	4	3	2	3	2	2
3	3	3	3	2	1973	5	20	5	3	3	3	4	3	3
3	2	2	2	1	1975	5	20	3	3	3	3	1	1	1
3	2	2	3	2	1976	5	20	3	2	3	2	2	2	2
3	1	1	1	1	1977	5	20	5	6	6	5	2	2	3
3	2	2	3	1	1923	5	19	1	1	1	2	2	2	2
3	2	2	2	1	1932	5	19	3	2	2	2	2	2	2
3	3	3	3	1	1937	5	19	2	1	2	1	1	2	1
3	2	2	2	2	1941	4	19	6	1	2	2	1	3	1
3	3	3	3	2	1942	5	19	1	6	1	1	1	1	1
3	3	3	3	1	1945	5	19	3	3	3	3	2	2	2
3	2	2	2	1	1946	5	19	2	3	2	2	2	2	2
3	2	3	3	2	1946	5	19	3	3	2	2	2	2	1
3	2	2	2	1	1946	5	19	3	5	4	5	1	1	2
3	3	3	3	2	1949	5	19	4	3	3	4	3	3	3
3	2	2	3	2	1955	5	19	4	4	3	3	2	3	2
3	2	2	2	2	1957	5	19	3	3	3	2	2	3	3
3	1	2	2	2	1959	5	19	3	5	3	5	3	3	3
3	1	1	1	1	1960	5	19	5	5	4	2	3	3	3
3	2	2	2	2	1960	5	19	6	6	6	6	1	2	2
3	2	2	2	2	1961	5	19	3	2	2	2	2	2	2
3	2	2	2	1	1964	5	19	5	4	4	4	2	2	2
3	3	2	1	2	1964	5	19	5	4	2	2	2	2	3
3	2	2	2	1	1964	5	19	2	3	4	3	3	3	2
3	2	2	2	2	1964	5	19	9	9	9	9	9	9	9
3	3	3	3	1	1967	5	19	3	1	4	3	3	3	1
3	2	2	2	1	1967	5	19	3	3	3	3	2	2	2
3	2	2	2	1	1967	5	19	3	5	2	2	5	2	2
3	2	2	2	1	1970	5	19	5	3	4	2	2	3	2
3	3	3	3	1	1971	5	19	2	3	2	1	2	2	2
3	2	2	2	1	1971	6	19	1	5	2	1	2	3	2
3	3	3	4	1	1972	5	19	6	3	3	4	3	2	3
3	8	8	8	2	1973	5	19	2	4	4	3	2	2	3
3	1	1	1	1	1973	5	19	5	4	2	2	2	3	3
3	1	1	1	1	1975	4	19	3	2	2	3	3	3	3
3	2	2	2	1	1976	5	19	2	2	3	2	3	3	2
3	2	2	2	1	1976	3	19	3	4	3	3	2	2	2
3	2	2	3	1	1978	5	19	6	3	4	4	2	4	2
3	1	2	3	2	1978	5	19	3	2	3	2	1	2	2
3	2	2	2	1	1982	3	19	5	4	5	5	2	1	4
3	2	3	2	1	1931	5	18	3	2	2	2	4	2	1
3	1	2	2	1	1931	3	18	3	2	2	2	1	2	1
3	1	1	1	1	1931	5	18	2	2	4	5	1	2	2
3	4	4	4	2	1932	5	18	2	2	1	4	1	2	1
3	3	3	3	2	1935	5	18	2	1	2	2	2	3	1
3	2	1	4	1	1937	5	18	4	5	3	9	2	2	3
3	1	2	2	1	1937	5	18	2	3	1	1	1	1	3
3	1	2	2	1	1937	5	18	2	2	1	1	2	2	1
3	2	2	2	1	1938	5	18	3	2	5	5	2	2	2
3	2	2	2	2	1942	3	18	3	2	2	1	3	3	2
3	2	2	2	2	1942	5	18	2	3	2	3	2	2	2
3	1	2	2	1	1942	5	18	1	2	2	2	2	2	2
3	7	7	7	1	1942	5	18	4	3	5	4	2	1	3
3	2	2	2	1	1944	5	18	4	3	6	3	4	2	3
3	2	2	3	1	1945	5	18	5	2	2	3	3	2	2
3	3	3	3	1	1946	5	18	4	2	2	1	4	2	2
3	1	1	3	2	1946	3	18	4	2	2	1	1	2	2
3	2	2	2	2	1947	5	18	1	1	1	3	1	1	1
3	2	2	3	1	1947	5	18	3	1	1	1	1	2	1
3	3	3	3	1	1947	4	18	4	3	2	1	1	5	2
3	2	2	2	1	1952	5	18	2	5	3	3	1	2	3
3	2	3	3	1	1952	5	18	5	3	3	2	3	3	3
3	2	2	2	1	1952	3	18	3	2	1	2	2	1	2
3	2	2	2	2	1953	5	18	5	4	4	4	2	2	1
3	1	2	2	1	1953	5	18	4	5	5	5	1	3	2
3	2	2	2	1	1954	5	18	1	5	4	4	1	1	1
3	2	2	2	1	1954	5	18	2	3	3	3	2	3	2
3	2	2	2	2	1954	5	18	5	4	3	3	2	2	2
3	2	2	2	2	1954	3	18	4	2	1	2	2	1	1
3	8	8	8	1	1955	5	18	4	4	5	4	1	2	2
3	2	2	2	1	1956	5	18	3	3	4	4	1	2	2
3	2	2	2	2	1958	5	18	3	5	4	3	2	2	3
3	2	2	2	2	1958	5	18	2	3	4	2	1	1	1
3	2	2	2	2	1958	5	18	5	2	2	3	2	3	2
3	3	3	3	2	1958	5	18	3	2	3	3	1	2	2
3	2	2	2	2	1958	5	18	2	3	2	2	1	1	1
3	2	2	2	1	1958	5	18	6	5	5	5	2	2	2
3	2	2	2	2	1959	5	18	6	6	5	6	3	3	4
3	2	2	2	1	1960	5	18	3	3	3	2	2	2	3
3	1	1	1	2	1961	5	18	5	5	4	4	1	2	2
3	2	2	2	2	1961	6	18	4	4	2	4	3	3	4
3	3	3	3	1	1961	5	18	3	2	4	3	2	3	1
3	2	2	4	2	1961	5	18	4	4	4	4	3	2	2
3	2	2	2	2	1962	5	18	3	2	3	4	2	1	1
3	2	2	2	1	1963	5	18	5	2	3	3	2	2	1
3	2	3	2	2	1963	5	18	2	4	4	3	2	3	2
3	2	2	2	1	1963	5	18	3	3	4	3	4	2	3
3	3	3	3	1	1963	5	18	3	2	3	2	2	2	2
3	2	2	3	2	1965	3	18	3	3	3	4	1	2	2
3	2	2	2	2	1966	2	18	2	1	1	1	2	1	2
3	2	2	1	1	1966	5	18	1	1	1	2	1	1	1
3	1	1	1	1	1967	5	18	1	3	2	1	1	1	2
3	2	2	2	2	1968	5	18	5	3	3	4	2	1	3
3	1	1	1	1	1968	5	18	1	5	2	2	1	1	3
3	3	3	3	2	1969	5	18	3	2	3	4	2	2	3
3	2	3	3	1	1969	5	18	4	4	4	3	2	2	3
3	1	1	2	1	1969	5	18	5	2	2	3	2	3	2
3	3	3	3	2	1969	5	18	3	1	3	2	2	3	2
3	3	2	2	1	1969	5	18	4	2	5	3	2	2	3
3	2	3	3	1	1970	5	18	3	6	5	5	2	1	3
3	2	4	4	2	1970	5	18	3	2	2	3	3	2	3
3	2	2	2	1	1970	4	18	2	2	5	2	2	2	1
3	2	2	2	1	1970	5	18	1	3	1	4	3	1	1
3	3	2	2	1	1970	5	18	3	2	1	2	1	2	1
3	2	2	2	2	1970	5	18	4	4	3	3	2	2	2
3	2	2	3	2	1971	5	18	3	4	2	2	4	4	4
3	2	4	3	2	1972	5	18	5	3	1	2	2	3	2
3	2	2	2	1	1972	5	18	3	4	4	3	2	1	3
3	2	2	2	2	1973	5	18	5	3	4	5	3	2	3
3	2	2	2	2	1973	5	18	6	4	4	4	3	2	2
3	3	3	3	2	1973	5	18	3	5	2	4	2	1	3
3	2	2	2	1	1974	5	18	2	2	4	3	3	1	3
3	2	2	2	2	1976	4	18	4	5	2	5	2	3	3
3	1	1	1	2	1976	5	18	6	4	5	4	3	3	4
3	2	2	2	2	1977	5	18	6	1	4	4	1	2	3
3	3	3	3	2	1977	5	18	6	2	3	2	3	4	3
3	2	2	2	1	1978	5	18	3	5	3	3	2	4	3
3	2	2	2	2	1978	5	18	3	2	3	2	1	2	2
3	1	1	1	1	1980	4	18	5	4	4	3	2	2	4
3	2	2	2	2	1924	5	17	3	2	3	2	3	3	2
3	2	2	2	1	1927	5	17	5	1	2	2	2	3	3
3	2	4	4	1	1928	5	17	4	2	3	3	5	3	2
3	1	2	2	2	1935	3	17	4	2	2	2	1	2	1
3	3	3	3	1	1939	5	17	3	6	4	3	3	3	3
3	1	1	1	2	1939	5	17	3	6	5	5	1	2	1
3	4	4	4	2	1941	5	17	4	3	2	2	2	3	2
3	2	7	8	1	1942	5	17	5	3	3	4	2	2	2
3	2	3	3	2	1942	5	17	2	4	1	4	1	1	1
3	2	2	8	1	1943	5	17	4	3	3	3	3	3	3
3	2	2	2	1	1945	5	17	3	3	2	2	3	3	3
3	1	2	2	1	1947	5	17	5	3	4	2	2	2	2
3	1	2	2	1	1948	5	17	5	3	2	2	2	2	2
3	2	2	2	1	1948	5	17	4	1	2	1	2	1	2
3	2	2	2	2	1949	5	17	3	3	3	2	2	2	2
3	2	2	3	2	1949	5	17	5	5	3	3	1	2	2
3	1	1	2	1	1950	5	17	6	3	4	3	3	1	1
3	3	4	3	1	1951	5	17	5	2	2	2	4	3	2
3	2	2	2	1	1951	3	17	4	3	2	2	2	4	2
3	2	1	1	2	1952	5	17	5	3	3	4	1	1	1
3	1	3	3	1	1952	5	17	3	5	4	4	2	3	2
3	4	4	4	2	1952	4	17	4	5	1	1	2	2	2
3	2	3	4	1	1953	3	17	3	5	4	2	3	3	1
3	1	1	1	2	1954	6	17	6	3	6	3	1	1	1
3	2	2	2	2	1954	5	17	5	2	5	2	3	3	3
3	2	2	2	2	1956	5	17	5	6	2	5	2	2	2
3	3	3	4	2	1956	5	17	4	3	2	2	2	3	2
3	3	3	3	1	1957	5	17	3	2	3	2	2	2	1
3	3	1	1	2	1957	5	17	4	3	5	5	1	2	1
3	2	2	3	1	1958	5	17	4	4	3	3	3	3	2
3	4	4	4	1	1960	3	17	1	3	2	3	4	5	4
3	2	2	3	1	1961	3	17	5	5	4	4	3	3	2
3	4	4	4	1	1961	5	17	3	9	3	9	3	2	9
3	1	1	2	2	1962	3	17	3	9	4	2	2	1	1
3	1	1	1	1	1962	5	17	3	5	4	3	2	3	2
3	4	4	4	1	1962	2	17	3	3	3	3	3	3	2
3	2	2	2	1	1962	5	17	3	1	2	2	2	4	4
3	2	2	3	1	1964	5	17	3	4	1	3	1	2	2
3	1	1	1	1	1964	5	17	3	3	2	3	2	3	3
3	2	2	2	2	1964	5	17	4	2	1	3	1	2	2
3	1	7	7	1	1965	3	17	4	5	2	2	2	1	5
3	2	2	2	2	1965	5	17	3	3	2	2	3	2	3
3	2	2	2	2	1965	5	17	4	3	2	4	2	2	3
3	2	2	3	2	1966	5	17	3	2	4	2	2	2	3
3	3	3	3	1	1967	4	17	3	3	3	3	3	2	2
3	2	2	2	2	1968	5	17	2	4	2	2	1	2	2
3	1	1	1	1	1969	5	17	5	5	4	5	2	2	3
3	2	2	2	2	1969	5	17	5	6	3	5	2	2	3
3	2	2	2	2	1969	5	17	3	3	3	2	2	2	3
3	2	2	2	1	1969	3	17	4	2	3	3	2	2	3
3	2	2	2	1	1969	5	17	2	2	3	2	4	2	3
3	2	2	2	2	1969	5	17	4	3	3	4	2	3	2
3	4	4	4	1	1969	3	17	1	3	2	1	2	2	5
3	2	2	4	1	1969	5	17	5	5	4	4	3	5	4
3	2	2	2	2	1970	3	17	3	1	2	2	1	2	1
3	2	2	2	1	1970	3	17	4	3	2	2	2	2	2
3	3	3	3	1	1970	5	17	3	3	3	4	2	1	2
3	2	2	2	1	1971	5	17	4	2	3	3	2	1	1
3	2	2	2	2	1971	5	17	5	2	4	3	1	3	2
3	2	2	2	2	1971	5	17	5	5	3	4	2	2	3
3	2	2	2	1	1971	5	17	3	3	6	3	2	2	2
3	2	2	2	2	1971	5	17	4	3	2	3	2	2	2
3	2	2	3	1	1972	2	17	3	5	4	3	1	3	3
3	2	2	2	2	1972	5	17	3	3	5	4	4	4	2
3	2	2	2	1	1973	5	17	2	2	4	1	2	1	3
3	3	3	2	1	1973	4	17	4	4	3	3	3	3	3
3	2	2	2	1	1973	5	17	3	2	2	3	3	3	4
3	2	3	3	1	1973	5	17	5	3	3	3	2	3	2
3	2	2	2	1	1975	5	17	5	5	5	4	2	3	1
3	3	3	3	2	1975	5	17	4	2	4	5	1	2	1
3	2	2	2	1	1976	5	17	2	3	3	2	2	2	2
3	2	2	2	1	1977	5	17	2	2	1	2	2	2	3
3	2	2	2	2	1977	5	17	5	2	5	4	1	1	1
3	2	2	2	1	1977	3	17	4	5	4	4	3	2	3
3	2	2	4	2	1978	5	17	6	2	3	5	5	2	3
3	2	2	2	1	1978	5	17	4	2	2	2	2	3	1
3	1	2	2	2	1978	5	17	3	3	4	4	3	3	3
3	2	2	2	2	1978	5	17	5	3	3	3	1	1	4
3	3	3	3	1	1979	5	17	2	3	2	2	2	3	1
3	2	2	1	1	1980	3	17	5	6	3	3	2	2	3
3	2	2	2	1	1981	5	17	4	2	2	3	1	2	4
3	2	2	2	1	1981	3	17	3	5	2	2	1	2	4
3	3	3	3	2	1981	3	17	6	5	3	5	2	2	3
3	2	2	3	2	1983	3	17	4	1	3	3	1	4	1
3	2	2	2	2	1984	3	17	3	3	3	5	1	4	2
3	2	3	4	2	1928	0	16	3	1	1	1	3	1	1
3	2	2	2	1	1936	5	16	4	3	3	3	2	3	2
3	2	2	4	1	1937	3	16	2	1	2	1	2	2	1
3	2	2	3	1	1938	5	16	6	2	3	3	1	2	4
3	2	2	2	1	1939	5	16	2	4	4	4	1	3	2
3	3	2	2	1	1939	3	16	2	4	2	2	2	2	2
3	1	1	1	2	1941	5	16	3	2	3	3	1	1	2
3	1	2	2	1	1941	5	16	2	3	2	1	1	2	2
3	3	3	3	2	1942	3	16	3	5	5	1	1	2	3
3	4	4	4	1	1942	5	16	5	4	2	4	2	2	2
3	3	3	3	1	1942	5	16	3	6	5	5	6	5	5
3	2	2	2	1	1945	5	16	2	4	2	2	2	3	2
3	3	2	4	2	1945	2	16	4	5	3	3	2	3	3
3	2	2	2	1	1948	5	16	2	2	2	3	3	2	2
3	1	1	3	2	1949	3	16	5	5	5	4	2	2	3
3	1	1	2	1	1949	2	16	3	2	2	4	2	2	2
3	2	3	2	2	1950	5	16	5	4	5	4	2	2	3
3	2	3	3	2	1953	5	16	3	3	3	3	2	2	2
3	2	2	2	2	1953	3	16	4	3	3	4	2	3	3
3	1	1	1	1	1954	5	16	3	3	5	4	1	2	1
3	2	2	2	1	1954	5	16	2	2	5	4	3	1	2
3	2	2	2	1	1955	5	16	3	5	3	3	2	3	2
3	2	2	2	2	1956	3	16	2	3	3	2	1	1	3
3	3	3	3	2	1956	3	16	3	4	3	3	1	2	1
3	3	3	2	1	1957	5	16	3	2	3	3	2	1	2
3	2	2	2	1	1958	4	16	3	2	3	3	2	3	2
3	3	3	3	2	1958	3	16	6	1	6	4	3	2	1
3	2	2	2	1	1958	4	16	2	9	3	9	1	2	9
3	2	2	2	2	1959	5	16	3	2	3	4	2	2	1
3	1	2	3	2	1959	3	16	6	6	5	6	1	1	3
3	2	2	4	1	1959	4	16	3	3	2	2	3	2	2
3	3	3	3	1	1959	5	16	3	4	2	3	2	2	3
3	2	2	3	1	1960	5	16	5	3	3	5	2	3	1
3	2	2	2	1	1960	2	16	3	2	2	4	1	2	2
3	2	2	3	2	1960	5	16	3	5	5	3	2	1	1
3	3	3	4	1	1960	3	16	4	2	3	2	4	2	2
3	2	2	3	2	1960	5	16	5	3	3	3	1	3	1
3	1	1	1	2	1960	4	16	3	5	5	3	2	2	2
3	2	1	2	2	1961	4	16	1	4	2	2	1	2	1
3	1	1	2	1	1961	5	16	2	2	3	2	5	3	2
3	1	1	1	2	1962	5	16	5	2	3	4	1	4	1
3	1	1	1	2	1962	5	16	3	3	2	2	2	2	1
3	2	1	1	1	1962	5	16	2	2	2	2	2	2	2
3	2	3	3	2	1962	5	16	6	3	3	2	1	2	3
3	1	1	1	1	1963	5	16	2	2	3	2	2	2	2
3	2	2	2	2	1963	5	16	4	4	2	4	2	2	3
3	2	2	2	1	1964	5	16	2	3	3	4	2	1	1
3	2	2	2	2	1964	5	16	3	2	3	3	1	3	2
3	2	2	2	1	1964	3	16	5	3	2	3	2	2	2
3	2	2	2	1	1964	5	16	2	2	3	2	2	1	1
3	2	2	3	1	1964	3	16	4	9	2	9	3	3	9
3	1	1	1	2	1965	5	16	5	3	5	4	3	2	2
3	2	2	2	1	1965	3	16	3	4	2	3	2	3	2
3	1	1	2	1	1966	3	16	4	5	3	2	1	2	2
3	2	2	2	1	1966	5	16	5	2	3	3	2	2	3
3	2	2	2	2	1966	3	16	3	2	3	3	2	2	1
3	2	2	2	1	1966	3	16	2	2	2	2	3	2	2
3	3	3	3	2	1966	3	16	2	2	2	2	3	2	2
3	1	2	3	2	1967	5	16	4	2	4	4	2	3	2
3	3	2	4	1	1968	5	16	5	2	5	2	2	2	2
3	2	2	2	1	1968	3	16	4	5	4	2	3	2	2
3	2	2	2	2	1968	5	16	5	5	3	3	2	2	2
3	2	3	3	2	1969	5	16	3	2	1	3	4	3	3
3	2	2	2	2	1969	3	16	3	4	4	4	2	2	3
3	2	2	2	2	1969	3	16	4	6	6	6	3	2	4
3	2	2	2	2	1969	2	16	2	2	2	3	3	3	3
3	1	1	1	2	1969	5	16	3	2	3	3	1	2	1
3	2	2	2	2	1969	5	16	3	1	2	1	1	3	2
3	2	2	2	1	1969	3	16	3	1	2	3	3	2	3
3	1	1	1	1	1970	5	16	2	3	4	3	1	1	2
3	2	2	2	2	1970	5	16	5	4	3	4	3	3	3
3	3	3	3	1	1970	5	16	2	2	3	2	4	2	2
3	3	3	3	1	1970	3	16	5	3	3	4	2	4	3
3	3	3	3	1	1970	5	16	3	2	3	2	2	2	3
3	2	2	2	2	1971	5	16	4	3	3	3	2	3	2
3	2	3	2	2	1971	3	16	4	1	1	2	1	1	1
3	2	2	2	1	1971	5	16	4	3	3	3	2	3	2
3	2	3	4	2	1972	5	16	5	3	3	3	3	3	2
3	2	2	2	2	1972	5	16	4	3	4	4	3	3	4
3	2	2	2	2	1972	5	16	5	2	4	4	2	3	3
3	2	2	2	1	1973	4	16	4	2	3	2	4	4	3
3	3	3	3	2	1973	5	16	6	4	5	3	4	5	4
3	2	2	2	1	1974	5	16	2	3	4	3	2	2	1
3	2	2	2	1	1974	3	16	2	2	2	3	2	3	2
3	4	4	4	2	1974	5	16	1	1	3	2	1	1	2
3	2	3	3	2	1974	3	16	2	4	2	2	3	3	4
3	2	2	2	1	1975	5	16	5	4	3	2	3	3	3
3	1	1	1	2	1975	1	16	1	1	2	1	1	1	3
3	2	2	2	2	1975	4	16	5	2	2	2	3	5	1
3	3	1	1	2	1975	4	16	6	3	5	3	3	3	5
3	2	4	4	1	1976	5	16	6	5	3	5	3	3	2
3	3	3	3	1	1976	3	16	3	3	2	2	2	3	3
3	2	2	2	2	1976	5	16	2	3	2	4	2	2	3
3	2	2	2	2	1976	3	16	2	5	4	2	3	3	2
3	2	2	2	2	1977	5	16	4	3	4	4	3	4	2
3	3	3	4	2	1977	5	16	3	3	4	3	5	5	3
3	2	2	2	1	1977	5	16	2	3	2	4	2	4	3
3	3	2	2	2	1977	2	16	3	1	3	3	1	3	2
3	2	2	2	2	1978	5	16	4	4	3	4	1	2	2
3	2	2	2	1	1979	3	16	2	4	3	2	3	2	3
3	4	4	4	1	1979	3	16	4	3	2	2	3	3	3
3	1	2	2	1	1980	3	16	5	3	3	4	3	2	4
3	2	2	2	2	1980	5	16	4	3	4	3	1	2	1
3	1	1	1	2	1980	5	16	4	2	4	4	1	2	1
3	2	2	2	1	1980	5	16	2	4	3	3	2	2	3
3	3	3	3	1	1981	3	16	3	3	3	3	2	3	2
3	2	3	3	2	1981	5	16	3	3	3	3	3	3	4
3	2	2	2	2	1982	5	16	1	4	2	1	1	1	2
3	2	2	2	1	1982	3	16	3	4	4	4	2	3	3
3	3	3	3	1	1983	5	16	4	1	1	2	2	3	3
3	3	3	1	1	1984	3	16	2	2	3	2	1	2	2
3	2	3	2	1	1985	2	16	5	4	3	1	1	1	1
3	2	2	2	2	1910	1	15	4	3	3	2	1	1	1
3	2	3	3	2	1919	3	15	3	2	2	1	2	2	2
3	2	2	2	1	1924	5	15	2	4	1	1	1	1	1
3	3	3	3	2	1925	8	15	2	4	2	4	2	2	4
3	2	3	3	1	1932	5	15	4	2	2	2	2	2	2
3	2	2	4	1	1933	5	15	5	2	3	2	2	2	4
3	2	3	4	1	1934	5	15	3	1	3	2	2	2	1
3	1	1	1	2	1934	5	15	3	3	3	1	2	1	3
3	1	2	3	1	1936	5	15	5	1	4	3	1	2	1
3	2	2	4	1	1936	5	15	4	1	5	1	4	2	5
3	2	2	2	2	1936	5	15	5	4	2	2	2	4	3
3	1	1	2	2	1937	5	15	6	5	3	3	1	2	2
3	2	2	2	2	1938	2	15	6	6	6	6	1	1	2
3	3	4	4	2	1938	5	15	2	2	2	4	2	1	1
3	2	2	2	1	1938	5	15	2	3	2	2	1	2	2
3	2	2	2	1	1939	1	15	2	3	2	2	2	3	3
3	2	2	2	1	1939	5	15	2	2	3	2	1	2	2
3	1	2	2	1	1940	3	15	4	2	3	4	1	2	2
3	2	2	2	2	1940	5	15	4	2	2	3	1	2	1
3	3	3	4	1	1941	5	15	3	2	2	2	2	5	3
3	2	3	3	2	1943	3	15	2	2	2	2	2	2	3
3	2	2	2	1	1944	5	15	4	6	2	2	2	2	4
3	1	1	1	1	1944	5	15	2	2	1	1	1	2	1
3	3	3	3	1	1945	5	15	1	3	2	1	1	2	1
3	2	2	2	1	1946	5	15	4	3	2	3	1	2	2
3	3	3	3	2	1946	5	15	3	3	3	3	1	2	2
3	2	2	2	2	1946	3	15	6	2	1	2	1	3	1
3	2	2	3	1	1946	5	15	3	3	5	4	1	1	2
3	2	3	3	2	1946	5	15	2	3	3	2	2	2	3
3	3	3	4	1	1946	5	15	3	3	2	2	2	2	2
3	2	2	2	2	1947	5	15	3	5	3	1	1	2	3
3	2	2	3	2	1948	4	15	3	4	3	3	2	2	3
3	3	3	3	1	1949	4	15	4	3	2	2	2	2	2
3	2	3	3	2	1949	4	15	4	5	3	4	2	2	3
3	3	3	3	2	1949	5	15	4	1	3	2	2	2	3
3	2	3	3	2	1950	4	15	2	5	4	1	1	2	1
3	2	2	2	2	1951	5	15	4	2	2	1	3	2	2
3	2	2	2	2	1951	5	15	4	4	4	3	2	3	2
3	3	3	3	1	1951	6	15	2	3	2	2	3	1	3
3	2	2	4	2	1952	4	15	1	1	1	1	1	1	1
3	2	1	1	2	1953	5	15	4	3	2	3	6	1	1
3	3	3	3	1	1953	3	15	2	3	5	3	2	1	2
3	3	3	3	2	1954	4	15	4	2	2	2	2	2	2
3	2	3	3	2	1954	3	15	2	1	2	2	1	2	2
3	3	3	3	2	1954	5	15	4	2	3	2	2	2	3
3	2	2	2	2	1954	3	15	2	4	4	3	2	3	3
3	2	2	2	1	1955	5	15	5	4	3	3	3	1	5
3	3	3	3	2	1955	4	15	5	3	3	4	3	3	3
3	2	2	2	2	1957	5	15	5	6	3	3	2	2	2
3	3	3	3	1	1957	2	15	2	1	3	2	2	3	2
3	2	2	2	2	1958	5	15	4	5	3	2	2	2	2
3	1	1	1	1	1958	5	15	3	2	4	3	2	2	2
3	2	2	4	2	1958	2	15	2	2	4	2	3	2	3
3	1	1	1	2	1959	4	15	2	4	2	1	1	1	1
3	2	1	1	1	1959	3	15	4	3	4	3	2	2	2
3	3	3	3	2	1960	2	15	2	2	3	3	3	2	2
3	1	1	1	2	1960	5	15	3	2	2	2	2	2	2
3	2	2	2	1	1960	5	15	5	2	2	4	4	2	2
3	2	2	2	2	1961	5	15	4	4	4	4	1	4	1
3	2	2	2	1	1961	5	15	2	1	1	1	2	2	1
3	2	2	2	1	1962	4	15	3	5	5	4	2	3	3
3	2	2	2	1	1962	3	15	5	5	5	5	2	2	2
3	2	3	3	1	1962	5	15	2	1	2	2	5	2	3
3	2	3	3	1	1962	5	15	6	5	6	5	1	2	3
3	3	3	3	2	1962	5	15	5	2	2	2	2	3	2
3	4	4	4	1	1963	3	15	3	3	2	3	2	4	2
3	3	3	4	1	1963	3	15	1	3	1	4	2	2	3
3	2	2	4	1	1964	3	15	2	2	2	2	2	2	2
3	3	3	3	2	1964	3	15	3	4	2	3	2	3	3
3	2	2	2	2	1964	3	15	4	3	3	2	2	2	2
3	2	2	2	2	1965	5	15	3	4	4	3	2	1	1
3	2	2	2	2	1965	3	15	3	3	3	2	2	3	2
3	3	3	3	1	1965	4	15	5	4	3	4	3	3	4
3	4	3	3	2	1966	3	15	3	1	3	2	4	3	2
3	2	2	2	2	1966	5	15	2	2	2	3	1	3	1
3	3	4	3	2	1966	5	15	5	3	4	3	3	3	5
3	4	4	4	2	1967	3	15	4	3	3	3	3	3	3
3	4	4	4	1	1967	5	15	2	2	1	1	2	1	1
3	2	2	2	2	1967	3	15	3	3	2	3	1	2	2
3	1	1	1	2	1967	3	15	3	4	5	4	1	3	2
3	2	3	3	1	1968	4	15	3	1	1	2	3	2	2
3	2	2	2	2	1968	5	15	3	5	3	4	2	2	3
3	1	2	2	1	1968	5	15	5	5	4	5	2	4	2
3	3	3	4	2	1968	5	15	3	2	4	3	2	2	3
3	2	2	2	2	1969	3	15	5	2	2	2	3	4	3
3	2	2	2	2	1969	3	15	3	3	4	4	2	3	2
3	2	2	2	2	1970	3	15	5	4	4	5	2	3	3
3	2	3	3	1	1970	3	15	4	4	4	4	3	4	3
3	2	3	3	2	1970	5	15	5	3	4	5	2	2	1
3	2	2	2	2	1971	3	15	3	4	4	2	2	2	2
3	2	2	2	2	1971	3	15	4	2	1	1	1	2	2
3	3	3	3	1	1971	4	15	4	3	1	2	1	2	1
3	4	4	4	1	1972	4	15	6	4	4	3	5	3	4
3	2	2	2	2	1972	4	15	3	3	3	4	2	2	3
3	3	3	2	1	1972	4	15	3	3	2	2	2	2	3
3	3	3	3	1	1972	5	15	3	5	3	3	1	1	1
3	2	2	2	1	1973	3	15	3	4	4	4	2	2	3
3	2	2	2	2	1973	3	15	2	1	2	2	2	2	2
3	3	3	3	2	1973	4	15	4	4	3	1	3	4	4
3	2	2	2	1	1973	3	15	2	1	3	2	1	5	1
3	2	2	2	1	1973	5	15	4	5	5	4	1	2	1
3	2	2	2	1	1974	3	15	4	3	4	3	3	4	3
3	3	3	3	1	1974	3	15	2	2	4	2	1	3	2
3	2	2	2	1	1975	3	15	2	2	4	1	2	3	1
3	2	2	2	2	1975	4	15	3	3	4	3	2	2	2
3	2	2	3	2	1975	3	15	5	3	2	3	3	3	2
3	3	3	2	2	1976	3	15	5	2	2	2	2	3	2
3	2	2	2	2	1976	5	15	5	2	2	3	2	2	2
3	3	3	3	1	1976	3	15	3	4	3	3	4	2	2
3	2	2	2	2	1976	3	15	3	5	5	5	1	1	1
3	2	2	3	1	1976	4	15	4	3	4	3	3	3	3
3	1	1	1	2	1977	5	15	5	2	1	1	3	2	3
3	2	2	2	1	1977	3	15	3	4	4	4	3	2	3
3	2	2	3	2	1977	5	15	2	2	3	2	2	3	1
3	2	2	1	1	1978	3	15	2	4	2	4	1	1	1
3	3	3	3	1	1978	4	15	3	2	4	2	2	2	1
3	3	3	3	1	1980	2	15	4	4	2	2	2	2	2
3	1	1	1	1	1980	5	15	2	2	1	1	2	1	2
3	3	3	3	1	1981	4	15	5	4	4	4	3	3	3
3	2	3	3	2	1981	3	15	2	2	2	2	2	2	1
3	2	2	3	1	1981	5	15	3	5	3	3	2	4	4
3	3	3	3	1	1982	4	15	3	5	3	4	5	2	5
3	2	2	2	1	1982	3	15	4	3	2	3	2	2	1
3	2	3	3	1	1982	3	15	5	4	4	3	3	3	2
3	1	2	2	1	1982	3	15	2	2	3	4	2	2	2
3	2	2	2	1	1982	3	15	3	3	2	3	3	3	2
3	1	1	1	2	1982	3	15	4	3	2	2	2	2	2
3	2	4	4	2	1983	3	15	6	5	3	3	5	4	3
3	2	4	4	1	1984	3	15	3	4	3	3	2	3	3
3	2	2	2	2	1984	3	15	4	3	4	4	2	2	2
3	2	2	3	2	1984	5	15	3	2	2	2	2	3	1
3	3	3	8	2	1910	4	14	4	2	4	2	2	2	2
3	2	3	3	1	1919	3	14	1	1	1	1	1	1	1
3	2	3	3	2	1924	2	14	3	2	3	2	2	3	1
3	2	3	3	1	1931	5	14	4	1	3	2	1	1	1
3	2	2	3	1	1931	3	14	4	2	2	2	2	2	2
3	2	3	4	2	1932	5	14	9	9	9	9	9	9	9
3	2	4	2	1	1935	2	14	2	2	2	2	1	2	2
3	2	2	2	1	1935	1	14	2	2	2	2	1	2	2
3	2	2	2	1	1935	5	14	3	2	2	2	2	2	2
3	2	2	4	2	1935	5	14	3	1	4	3	1	1	1
3	2	3	3	2	1936	2	14	2	2	2	2	2	2	2
3	2	4	4	1	1937	2	14	4	5	1	2	1	1	1
3	2	2	2	1	1937	5	14	3	2	3	3	3	3	3
3	2	2	2	2	1938	5	14	6	4	2	2	1	2	3
3	2	3	2	2	1938	5	14	3	2	1	2	2	2	2
3	2	2	2	1	1940	1	14	3	2	2	3	2	3	2
3	2	2	2	1	1941	3	14	4	2	2	3	3	3	4
3	4	4	4	2	1941	5	14	2	2	2	2	2	2	3
3	3	3	3	1	1941	3	14	3	2	3	4	3	3	3
3	3	3	3	1	1943	5	14	3	4	3	2	2	2	2
3	2	3	3	1	1943	3	14	3	2	2	1	2	3	3
3	1	2	3	2	1943	2	14	3	2	2	2	2	3	3
3	1	1	1	1	1943	5	14	6	5	5	3	2	2	6
3	2	2	3	2	1944	5	14	2	2	3	1	2	2	2
3	8	2	4	1	1945	2	14	5	4	4	2	3	2	2
3	1	1	1	1	1946	5	14	4	2	4	4	2	3	3
3	2	2	2	2	1946	3	14	5	2	5	1	1	1	1
3	2	2	4	2	1946	5	14	4	3	4	3	2	2	2
3	2	2	2	1	1947	3	14	3	3	2	2	2	2	3
3	2	2	2	2	1947	5	14	9	9	9	9	9	9	9
3	2	2	2	2	1948	4	14	1	1	1	1	1	1	1
3	2	2	2	1	1948	3	14	5	2	3	3	3	4	4
3	2	2	2	2	1948	5	14	5	5	5	5	1	2	2
3	1	1	3	1	1949	4	14	2	2	2	2	1	2	2
3	8	2	2	2	1949	5	14	3	4	3	2	2	3	2
3	2	2	2	1	1951	2	14	5	3	3	3	3	3	2
3	2	2	2	2	1951	5	14	5	2	4	4	2	2	3
3	2	2	2	1	1951	3	14	4	2	2	2	2	2	2
3	2	4	4	2	1951	4	14	3	3	2	2	3	3	2
3	2	2	2	2	1951	3	14	5	2	5	4	1	2	2
3	2	2	2	1	1952	5	14	1	3	2	2	1	2	2
3	1	1	1	1	1952	5	14	6	3	3	3	2	2	2
3	2	2	2	1	1953	3	14	2	1	3	1	5	2	1
3	2	2	2	2	1953	5	14	6	1	1	2	2	1	3
3	2	2	2	1	1954	4	14	4	6	3	1	1	1	1
3	3	3	3	1	1954	3	14	4	3	1	1	2	3	3
3	3	3	3	2	1954	3	14	4	3	2	2	2	3	2
3	2	2	2	1	1954	5	14	1	2	5	2	2	2	2
3	3	3	3	2	1954	4	14	2	2	2	3	2	2	3
3	1	1	1	2	1955	5	14	6	3	6	4	6	2	2
3	2	3	3	1	1955	3	14	4	4	3	3	5	4	4
3	1	1	1	1	1955	4	14	5	5	3	4	1	2	3
3	2	2	2	1	1956	5	14	5	2	2	2	2	3	2
3	2	3	2	1	1956	3	14	4	5	3	2	2	3	2
3	2	2	2	1	1956	3	14	3	3	3	2	3	3	3
3	2	2	2	1	1957	5	14	4	3	2	2	1	2	2
3	2	2	2	2	1958	3	14	2	3	3	2	1	2	1
3	1	1	1	2	1958	3	14	3	3	3	2	2	1	2
3	3	3	3	2	1959	3	14	2	3	3	2	3	4	2
3	4	4	4	2	1959	3	14	3	2	3	3	2	2	2
3	1	1	1	2	1959	3	14	3	3	2	2	1	1	2
3	3	3	3	1	1959	5	14	5	4	2	2	2	1	2
3	4	4	4	1	1959	4	14	3	2	1	1	3	1	3
3	2	2	2	2	1961	5	14	2	1	1	1	1	2	3
3	2	4	4	2	1961	3	14	3	2	2	2	2	3	3
3	1	1	1	1	1961	5	14	4	4	3	4	1	2	3
3	1	1	1	2	1961	3	14	3	3	2	4	1	2	1
3	3	3	8	2	1962	4	14	3	2	1	2	1	2	3
3	2	2	2	2	1962	2	14	2	5	2	2	2	2	3
3	2	3	3	1	1962	2	14	3	4	3	5	1	4	2
3	2	2	2	1	1962	3	14	9	1	4	9	3	5	5
3	2	2	2	1	1962	3	14	3	2	2	3	2	3	2
3	3	3	3	2	1962	3	14	3	4	2	3	1	2	2
3	2	2	2	2	1962	2	14	2	3	2	4	2	2	3
3	2	3	3	2	1963	3	14	4	3	3	4	2	3	3
3	2	3	2	2	1963	3	14	4	3	2	2	2	2	2
3	3	3	3	1	1964	4	14	3	2	2	2	2	3	2
3	3	3	4	2	1964	3	14	2	2	3	4	3	2	2
3	1	2	3	1	1964	5	14	3	2	2	1	2	2	2
3	1	2	3	2	1965	5	14	2	2	3	2	3	3	2
3	2	2	2	2	1965	3	14	4	4	3	2	1	2	2
3	3	3	3	2	1965	3	14	3	2	4	3	2	3	3
3	2	2	3	1	1966	3	14	5	2	1	4	3	4	4
3	2	2	2	1	1966	3	14	3	4	2	3	2	2	2
3	2	2	2	1	1966	4	14	3	4	2	2	1	1	3
3	2	2	2	2	1966	3	14	2	2	2	2	2	2	2
3	2	2	2	1	1967	3	14	2	2	3	2	2	1	2
3	2	3	3	1	1967	4	14	2	4	2	2	2	3	2
3	2	2	2	2	1967	5	14	4	3	3	3	2	2	3
3	3	3	3	2	1967	3	14	5	3	4	3	2	3	3
3	2	2	4	2	1967	3	14	6	3	3	3	2	2	1
3	2	2	2	2	1968	3	14	2	3	3	3	3	4	4
3	2	3	3	1	1968	3	14	5	2	4	3	2	2	3
3	2	2	2	2	1968	3	14	5	5	5	5	2	3	2
3	2	2	2	2	1968	4	14	4	4	5	5	2	2	2
3	3	3	3	2	1969	5	14	4	4	4	3	2	2	2
3	2	2	2	1	1969	3	14	2	3	5	2	1	3	3
3	3	3	3	2	1969	3	14	5	3	3	4	2	3	3
3	2	2	2	2	1969	3	14	4	4	4	3	1	2	2
3	2	2	1	2	1969	3	14	1	1	1	1	1	1	1
3	2	2	2	2	1970	5	14	6	3	4	5	2	6	3
3	2	2	2	1	1970	3	14	2	3	2	3	3	3	1
3	2	2	2	2	1971	4	14	3	4	1	3	3	2	2
3	2	2	1	2	1972	3	14	4	3	3	3	1	2	1
3	1	1	1	2	1972	3	14	4	2	4	3	4	1	4
3	3	3	3	2	1972	4	14	2	2	3	2	1	2	2
3	4	4	4	2	1972	2	14	3	5	4	3	2	2	1
3	3	3	3	2	1972	3	14	3	3	2	2	2	3	2
3	4	4	3	2	1972	3	14	2	2	3	4	2	2	4
3	2	2	2	1	1973	3	14	3	3	2	3	2	2	3
3	1	3	3	1	1973	3	14	4	2	3	2	3	2	2
3	2	2	3	2	1973	3	14	3	3	2	2	3	2	3
3	1	2	2	2	1974	5	14	4	5	6	3	1	2	2
3	2	2	3	2	1974	4	14	4	3	1	3	2	2	1
3	4	4	4	1	1974	3	14	1	1	1	1	2	1	1
3	3	3	3	2	1975	3	14	5	2	3	2	2	3	2
3	2	2	2	2	1975	3	14	2	2	2	2	2	2	2
3	2	3	3	1	1975	3	14	9	9	9	9	9	9	9
3	3	3	3	2	1975	3	14	2	3	2	2	3	2	3
3	3	3	2	2	1976	4	14	3	2	3	2	2	2	4
3	3	3	3	2	1976	5	14	3	2	3	5	3	2	3
3	4	4	4	1	1976	3	14	3	2	2	3	1	2	2
3	4	4	4	2	1977	2	14	4	3	5	4	2	3	3
3	2	2	4	2	1977	4	14	4	2	4	1	2	3	1
3	3	3	3	2	1978	3	14	3	3	3	3	3	3	3
3	2	3	3	2	1978	3	14	4	3	3	3	3	4	3
3	2	2	2	2	1979	3	14	2	2	2	2	2	2	2
3	2	2	2	1	1979	3	14	4	5	4	3	3	2	3
3	3	3	3	2	1980	2	14	2	3	4	4	1	3	4
3	2	2	2	2	1980	3	14	2	2	3	2	1	2	2
3	2	2	2	2	1981	3	14	3	3	3	3	2	3	3
3	2	3	3	1	1981	3	14	5	3	6	5	2	2	2
3	2	2	2	2	1982	3	14	5	2	5	3	3	2	3
3	4	4	4	2	1982	2	14	3	4	3	2	1	1	1
3	2	2	1	2	1983	3	14	3	4	3	2	1	1	1
3	2	2	2	1	1983	4	14	2	4	4	3	2	2	3
3	2	3	3	1	1984	3	14	4	3	3	4	3	3	4
3	2	3	3	1	1984	2	14	4	5	2	3	2	2	2
3	2	2	2	1	1985	3	14	2	2	2	2	2	2	2
3	3	3	2	2	1986	2	14	2	1	2	1	1	2	2
3	2	8	8	2	1986	3	14	2	2	2	2	2	2	2
3	2	2	2	1	1914	5	13	1	1	1	9	1	1	1
3	2	2	2	1	1922	1	13	5	2	2	2	2	2	5
3	2	2	2	2	1922	5	13	1	1	1	1	3	3	2
3	2	2	4	1	1925	5	13	2	1	2	3	1	2	3
3	2	3	2	2	1925	3	13	4	1	2	3	2	2	2
3	3	3	3	1	1928	5	13	4	2	1	2	2	3	4
3	2	2	2	2	1928	2	13	2	2	1	2	2	2	1
3	2	2	1	2	1929	2	13	1	1	2	1	1	1	1
3	1	1	1	1	1931	3	13	5	6	3	2	2	3	2
3	2	2	2	2	1931	5	13	3	3	3	3	3	3	2
3	2	2	2	2	1933	5	13	2	2	3	2	2	3	3
3	2	3	4	2	1934	5	13	2	3	3	2	2	2	1
3	2	3	3	2	1937	5	13	3	3	4	3	4	4	3
3	2	2	3	2	1938	2	13	4	2	2	3	2	2	2
3	2	2	2	1	1939	5	13	2	2	2	3	2	2	2
3	2	2	2	1	1939	5	13	5	3	2	2	2	2	2
3	2	2	2	2	1940	3	13	4	2	4	3	3	3	2
3	2	2	2	2	1941	5	13	5	3	4	3	2	4	3
3	2	3	3	2	1943	5	13	5	2	2	2	2	2	1
3	2	2	1	1	1943	1	13	2	2	2	3	2	3	1
3	2	2	2	2	1944	3	13	2	1	2	2	1	2	2
3	3	3	3	1	1945	5	13	3	2	2	3	2	2	1
3	3	3	3	2	1946	3	13	9	9	9	9	9	9	9
3	2	2	2	1	1947	3	13	3	4	2	2	1	2	2
3	2	3	3	2	1948	2	13	4	6	1	4	1	1	1
3	2	2	2	1	1948	3	13	3	2	2	1	3	3	1
3	2	2	3	1	1948	3	13	5	3	5	4	2	6	3
3	2	2	3	1	1949	5	13	4	3	2	3	2	2	2
3	3	2	3	2	1950	3	13	1	3	3	1	1	1	1
3	1	1	1	2	1950	5	13	3	1	3	3	1	2	3
3	2	2	2	2	1951	5	13	2	2	2	2	2	2	2
3	2	2	2	2	1952	3	13	2	2	3	3	3	3	3
3	2	2	2	2	1952	5	13	4	1	1	1	2	1	2
3	2	3	3	2	1952	5	13	5	1	2	2	1	3	2
3	2	3	3	1	1953	3	13	5	6	2	4	2	2	2
3	1	1	1	1	1953	4	13	5	3	4	5	4	2	2
3	3	3	3	1	1954	3	13	1	1	3	2	1	3	1
3	1	3	3	2	1956	3	13	3	2	3	3	2	1	2
3	2	2	2	1	1956	5	13	3	4	3	4	2	3	2
3	2	2	2	1	1957	5	13	4	3	2	2	2	2	2
3	2	2	2	1	1957	3	13	5	2	1	2	1	4	1
3	2	2	2	2	1957	5	13	4	2	2	2	2	3	4
3	2	2	2	1	1957	4	13	4	2	2	1	1	1	2
3	2	2	3	2	1957	5	13	4	2	1	3	1	3	2
3	2	2	3	2	1958	3	13	5	2	2	3	2	2	2
3	3	3	3	2	1958	5	13	5	3	4	4	3	3	2
3	2	2	8	2	1958	3	13	4	2	3	3	3	3	3
3	2	2	2	2	1958	5	13	3	4	2	2	2	2	3
3	3	2	2	1	1959	5	13	5	3	5	3	3	3	3
3	2	2	2	1	1959	3	13	3	3	2	1	2	2	2
3	1	2	2	1	1959	2	13	3	3	4	3	2	2	2
3	7	7	7	2	1959	5	13	5	5	5	6	1	1	2
3	3	3	3	1	1960	3	13	2	4	5	5	3	3	6
3	2	2	3	2	1960	3	13	4	2	3	2	1	2	1
3	1	1	3	2	1960	4	13	3	5	5	5	1	1	2
3	4	4	4	2	1960	5	13	5	2	2	3	2	2	3
3	3	3	3	2	1961	3	13	5	3	2	3	2	1	2
3	2	2	2	1	1961	3	13	5	5	5	4	2	2	3
3	4	4	3	1	1961	3	13	3	1	2	3	3	2	1
3	2	2	3	2	1961	3	13	5	3	2	4	2	2	2
3	1	1	1	2	1962	5	13	4	1	2	3	1	1	1
3	2	2	3	2	1962	3	13	5	3	3	3	2	2	2
3	2	3	2	2	1962	4	13	5	2	2	3	2	3	2
3	3	3	3	2	1962	3	13	3	5	3	3	3	2	2
3	2	2	2	2	1962	2	13	4	5	1	2	2	3	3
3	2	3	4	2	1963	3	13	6	2	4	3	2	4	2
3	2	2	2	2	1963	5	13	3	3	3	3	2	3	2
3	3	2	1	1	1964	2	13	3	2	2	2	2	2	2
3	4	4	4	2	1964	2	13	4	3	3	3	3	4	3
3	2	2	2	2	1964	3	13	6	3	4	5	2	5	3
3	2	2	2	2	1965	4	13	3	3	2	3	1	4	1
3	1	1	2	2	1965	5	13	4	5	2	2	2	2	3
3	1	1	1	2	1965	3	13	5	3	4	2	1	2	2
3	3	3	2	2	1965	3	13	3	2	2	2	2	2	2
3	2	2	2	2	1965	4	13	6	2	5	4	3	4	6
3	2	3	2	1	1966	4	13	3	6	4	5	3	3	3
3	2	2	2	2	1966	5	13	5	3	4	4	2	3	3
3	2	2	2	2	1966	3	13	6	2	4	3	2	2	2
3	4	3	3	2	1967	3	13	1	3	1	1	1	1	1
3	2	2	2	2	1967	3	13	1	3	2	1	2	3	3
3	2	2	3	2	1968	3	13	2	3	3	3	2	2	2
3	3	3	2	2	1968	3	13	6	2	2	5	1	1	3
3	1	1	1	2	1968	3	13	4	3	4	5	2	4	2
3	3	3	3	2	1968	4	13	4	3	4	3	2	3	2
3	2	2	8	2	1968	3	13	3	2	3	3	2	2	2
3	4	4	4	2	1969	5	13	3	3	3	3	2	3	3
3	2	2	2	1	1969	3	13	4	4	4	4	2	2	4
3	3	3	3	1	1969	5	13	3	2	2	2	2	2	3
3	2	2	2	2	1970	3	13	4	3	4	4	1	2	3
3	2	2	3	2	1970	3	13	2	2	2	3	3	2	2
3	3	3	3	2	1970	3	13	3	3	3	3	3	2	3
3	3	3	3	2	1970	3	13	5	5	3	2	2	3	1
3	1	1	1	1	1971	2	13	4	1	4	3	1	2	4
3	2	3	3	2	1971	2	13	2	3	3	3	3	3	2
3	2	4	4	2	1971	3	13	2	3	6	3	3	1	3
3	3	3	3	1	1971	2	13	4	3	3	3	2	2	3
3	3	3	3	2	1971	3	13	5	2	4	4	3	3	3
3	3	3	3	1	1971	3	13	4	4	5	4	2	2	2
3	2	2	2	2	1971	3	13	3	3	3	5	2	2	3
3	2	2	2	2	1971	5	13	2	4	3	3	2	3	2
3	2	2	2	1	1972	3	13	2	6	1	2	1	1	1
3	3	3	3	1	1972	3	13	3	5	2	2	1	2	1
3	2	2	2	2	1973	3	13	4	5	3	3	1	2	3
3	3	3	3	2	1973	4	13	3	4	4	4	2	3	3
3	3	4	3	1	1973	5	13	1	3	1	2	1	2	1
3	2	2	2	2	1974	3	13	4	2	4	4	3	4	2
3	3	4	3	2	1974	3	13	3	3	4	3	2	3	3
3	3	3	3	2	1974	3	13	4	3	3	3	2	3	3
3	2	2	1	2	1974	3	13	2	3	4	3	1	2	2
3	3	4	2	2	1974	4	13	1	3	2	2	1	2	1
3	2	2	2	1	1975	2	13	4	4	3	4	2	2	2
3	1	1	1	1	1976	4	13	2	3	3	2	1	1	2
3	4	4	4	2	1976	3	13	2	4	4	4	3	4	3
3	2	1	2	1	1976	3	13	2	4	5	4	1	1	3
3	3	3	2	1	1976	3	13	3	4	3	3	3	2	1
3	2	2	2	2	1977	3	13	3	4	3	3	2	2	4
3	3	3	3	2	1977	3	13	2	3	3	3	2	3	2
3	4	3	4	1	1978	2	13	2	3	3	4	2	3	3
3	2	2	2	1	1978	3	13	3	1	2	2	1	2	2
3	3	3	3	2	1978	3	13	2	2	2	2	1	2	2
3	3	3	3	1	1979	3	13	4	3	3	1	1	1	1
3	2	2	2	2	1980	4	13	4	5	4	4	2	2	2
3	3	3	3	2	1981	3	13	3	1	3	1	2	3	1
3	1	3	3	2	1982	3	13	6	5	4	6	1	3	1
3	3	3	3	1	1982	2	13	5	4	3	3	2	4	3
3	2	2	2	2	1983	3	13	3	3	2	2	1	2	2
3	3	3	3	2	1984	2	13	3	3	3	3	2	2	3
3	2	2	2	2	1984	4	13	3	3	4	3	2	3	2
3	2	2	2	2	1984	2	13	4	1	3	2	1	2	2
3	2	3	2	1	1984	4	13	4	2	2	2	2	3	1
3	3	3	4	1	1985	3	13	2	2	2	2	1	1	3
3	1	2	2	2	1985	0	13	3	2	3	2	2	2	2
3	2	4	3	1	1985	2	13	3	4	3	4	2	3	3
3	2	2	2	2	1985	2	13	3	2	2	4	2	2	3
3	2	2	2	2	1985	3	13	6	4	4	5	1	2	2
3	2	2	1	1	1985	5	13	4	2	3	3	2	3	3
3	1	3	3	2	1985	3	13	2	3	2	3	1	2	3
3	2	2	2	2	1987	3	13	3	3	3	3	1	2	2
3	2	2	4	2	1917	1	12	2	2	1	1	1	2	2
3	1	1	1	1	1925	5	12	1	5	2	2	2	2	2
3	2	3	2	1	1925	2	12	2	2	2	2	3	2	2
3	2	2	2	2	1926	2	12	3	1	2	3	3	2	1
3	2	2	2	1	1926	3	12	2	2	1	1	1	2	2
3	2	2	2	2	1927	5	12	4	2	3	5	2	3	2
3	2	2	2	1	1928	3	12	4	3	3	3	2	2	3
3	2	2	2	2	1929	2	12	3	2	5	4	2	3	3
3	2	3	3	1	1930	4	12	2	1	2	3	3	3	4
3	4	3	2	2	1930	2	12	2	3	3	2	1	1	1
3	2	2	2	2	1931	2	12	3	2	5	2	2	2	2
3	2	3	3	1	1931	3	12	3	6	2	2	2	2	1
3	2	2	2	2	1931	2	12	3	2	2	3	3	3	2
3	2	2	2	1	1934	3	12	4	4	2	3	3	3	3
3	3	3	3	1	1935	3	12	4	3	3	3	3	3	3
3	2	2	2	2	1936	3	12	2	3	4	2	2	1	1
3	2	2	3	2	1938	2	12	3	1	2	2	2	2	1
3	2	2	2	2	1939	5	12	3	2	1	3	2	3	2
3	3	3	2	1	1939	3	12	4	5	2	3	1	1	1
3	3	3	3	2	1940	3	12	3	2	1	2	1	2	2
3	3	3	3	2	1940	3	12	2	3	2	4	4	4	4
3	2	2	2	1	1940	2	12	3	2	2	2	1	1	2
3	2	3	3	1	1940	5	12	4	2	2	2	2	3	2
3	2	2	2	2	1940	3	12	1	1	1	1	1	1	1
3	2	3	2	2	1941	3	12	2	2	2	2	2	3	2
3	2	2	4	1	1942	5	12	3	3	3	3	1	2	2
3	2	2	2	2	1943	1	12	4	4	3	3	2	2	2
3	2	2	2	1	1943	4	12	4	2	1	1	1	1	1
3	2	2	3	1	1943	3	12	5	3	4	4	2	3	2
3	2	4	4	1	1943	5	12	3	3	2	2	3	4	1
3	2	2	2	1	1944	2	12	3	2	3	3	1	3	2
3	2	4	4	1	1944	3	12	5	3	4	4	4	6	6
3	4	4	2	2	1944	2	12	4	2	3	1	1	2	1
3	1	1	1	2	1945	3	12	3	2	2	3	1	2	2
3	3	3	3	1	1945	4	12	5	2	5	4	2	4	2
3	1	1	1	1	1945	3	12	2	3	2	2	1	2	3
3	2	2	2	1	1945	3	12	9	2	5	4	4	4	2
3	4	3	2	2	1946	3	12	3	1	2	4	2	3	2
3	1	1	1	1	1946	4	12	3	2	2	3	2	2	2
3	1	1	1	2	1946	3	12	5	6	2	4	2	2	2
3	4	4	4	2	1947	5	12	4	2	2	3	3	3	3
3	2	2	2	1	1947	3	12	2	2	2	2	3	2	2
3	2	4	4	1	1947	2	12	2	4	4	3	2	2	1
3	3	3	3	2	1947	5	12	2	3	2	3	1	2	1
3	2	2	2	2	1947	2	12	5	2	2	3	2	2	2
3	2	3	4	2	1947	3	12	4	2	2	2	2	2	2
3	2	2	2	1	1947	3	12	2	3	1	2	4	2	3
3	3	3	3	2	1947	5	12	6	4	3	3	1	5	2
3	2	2	2	1	1947	3	12	5	5	2	2	2	3	3
3	2	2	2	1	1948	3	12	2	2	2	2	1	2	1
3	2	1	2	2	1948	3	12	3	3	2	3	3	3	2
3	3	3	3	2	1948	2	12	4	3	4	4	2	2	2
3	2	2	2	1	1948	3	12	5	4	3	3	2	2	2
3	3	3	3	1	1948	2	12	1	2	2	2	2	4	2
3	2	2	4	2	1948	5	12	4	3	3	3	1	2	1
3	4	4	4	2	1949	2	12	1	1	1	1	1	1	3
3	2	2	2	2	1950	2	12	3	5	3	5	1	2	1
3	3	3	2	1	1950	4	12	3	1	1	1	2	2	1
3	1	1	1	1	1950	5	12	3	2	2	2	2	2	2
3	2	2	2	1	1950	3	12	4	3	2	2	2	3	2
3	3	4	2	1	1950	2	12	4	1	1	3	5	2	3
3	2	2	4	1	1950	3	12	3	6	2	4	3	1	6
3	1	4	4	2	1950	2	12	3	3	5	3	3	4	3
3	2	2	2	2	1950	2	12	3	3	2	1	1	3	1
3	3	3	3	2	1951	2	12	4	2	3	2	3	3	2
3	2	2	4	1	1951	3	12	4	3	3	4	2	3	2
3	4	4	2	2	1952	3	12	1	3	5	5	1	1	3
3	4	4	4	2	1952	2	12	2	2	5	2	2	2	2
3	2	2	4	1	1952	4	12	4	6	2	5	2	2	2
3	1	1	1	1	1952	5	12	6	5	3	3	2	2	3
3	8	8	8	2	1952	2	12	4	3	3	3	3	3	3
3	3	3	3	2	1953	5	12	3	3	1	3	1	1	1
3	2	2	2	2	1953	3	12	1	5	2	2	2	1	2
3	1	2	2	2	1953	3	12	3	2	2	5	2	4	2
3	2	2	2	1	1954	3	12	2	2	2	2	2	2	2
3	3	3	4	1	1954	3	12	2	2	3	2	4	3	3
3	1	3	3	2	1954	2	12	4	2	3	2	2	2	2
3	3	3	2	2	1954	2	12	3	2	2	1	2	1	2
3	2	2	2	1	1954	3	12	5	2	4	3	3	3	2
3	2	2	2	1	1954	3	12	3	4	2	2	2	2	2
3	2	2	2	2	1954	3	12	4	2	3	3	2	2	2
3	1	1	1	1	1955	5	12	4	4	4	4	2	2	2
3	4	4	4	1	1955	3	12	6	4	6	6	1	4	1
3	2	2	2	1	1955	3	12	2	3	4	3	2	3	2
3	1	3	4	1	1955	3	12	5	3	4	3	2	3	2
3	3	3	3	2	1955	3	12	4	2	4	2	3	4	2
3	2	3	2	1	1956	4	12	2	3	4	3	2	3	2
3	2	2	2	2	1956	3	12	4	5	4	4	2	2	1
3	2	2	2	2	1956	3	12	3	5	3	3	2	2	2
3	3	1	2	2	1956	3	12	3	3	4	3	2	3	2
3	3	2	2	2	1956	3	12	4	2	2	3	2	2	2
3	2	2	3	2	1956	3	12	3	2	3	3	1	2	2
3	3	2	2	1	1957	5	12	4	3	3	3	2	3	4
3	3	3	3	2	1957	4	12	5	3	3	2	2	2	2
3	2	2	2	1	1957	2	12	3	3	2	2	2	3	2
3	3	3	3	2	1957	2	12	5	5	5	3	2	4	4
3	4	4	4	2	1957	2	12	3	1	6	2	1	1	2
3	2	2	2	2	1957	2	12	3	2	2	2	1	3	1
3	2	3	4	2	1957	2	12	2	3	2	2	4	3	2
3	2	2	2	2	1957	3	12	5	2	2	2	1	2	2
3	3	4	3	1	1957	3	12	5	5	3	3	4	3	3
3	3	3	3	2	1957	3	12	5	2	4	4	2	2	2
3	3	3	3	2	1957	3	12	3	4	3	3	2	2	2
3	2	2	3	2	1958	3	12	2	3	2	2	2	3	2
3	2	2	2	1	1959	3	12	4	5	6	5	1	2	3
3	3	3	4	1	1959	2	12	2	1	3	3	1	2	3
3	2	2	3	2	1959	1	12	3	3	2	2	2	2	3
3	3	3	3	2	1959	3	12	3	3	3	3	2	2	2
3	2	2	2	2	1959	3	12	9	1	2	2	2	2	1
3	1	1	2	2	1959	3	12	2	2	2	2	3	2	2
3	2	2	4	2	1960	4	12	6	3	1	2	1	1	2
3	2	2	2	1	1960	3	12	3	2	2	2	2	2	2
3	2	2	2	2	1960	3	12	3	3	3	3	2	2	3
3	2	2	2	1	1960	3	12	4	2	2	2	2	3	2
3	3	3	3	2	1960	3	12	3	3	4	3	2	3	3
3	2	2	1	2	1960	5	12	3	1	4	2	1	1	1
3	1	1	1	1	1961	2	12	2	2	2	2	2	2	2
3	2	2	1	2	1961	4	12	5	3	3	4	2	3	2
3	2	2	2	1	1961	3	12	5	3	5	4	3	5	4
3	2	3	2	2	1961	3	12	4	2	3	2	2	2	3
3	3	3	3	1	1962	3	12	6	2	4	2	1	1	1
3	2	2	4	2	1962	3	12	3	3	3	3	2	3	3
3	3	3	3	2	1962	3	12	6	5	5	3	2	3	3
3	2	2	2	1	1962	3	12	3	4	3	3	2	2	2
3	2	4	4	2	1963	3	12	5	3	4	3	2	3	3
3	3	3	3	1	1963	2	12	3	4	5	2	3	5	1
3	2	2	2	1	1963	3	12	2	4	3	3	2	2	3
3	3	3	3	2	1963	3	12	3	6	4	4	2	2	2
3	1	3	3	2	1963	4	12	4	2	4	3	2	2	3
3	2	2	2	2	1963	3	12	3	4	2	3	2	3	2
3	4	4	4	2	1963	3	12	1	5	2	3	1	1	3
3	2	2	2	2	1963	4	12	4	2	3	3	2	2	2
3	3	3	3	1	1963	3	12	6	3	1	2	2	5	2
3	4	4	4	1	1963	2	12	2	2	3	3	2	3	3
3	3	3	3	2	1965	3	12	3	2	2	1	2	3	2
3	3	3	2	2	1965	3	12	3	2	4	2	2	2	2
3	3	3	3	1	1965	3	12	3	3	3	4	2	2	2
3	3	3	4	1	1965	3	12	4	2	5	3	4	2	3
3	3	3	3	2	1965	2	12	3	5	4	3	3	1	2
3	2	2	2	1	1966	5	12	5	6	6	6	1	1	1
3	2	3	3	1	1966	2	12	2	3	5	3	2	2	3
3	2	2	2	2	1966	2	12	2	3	2	2	2	2	1
3	3	4	4	1	1966	2	12	4	3	3	4	3	4	3
3	1	2	2	2	1967	2	12	3	4	3	3	1	2	2
3	8	2	2	2	1967	2	12	2	4	3	3	2	3	3
3	3	3	3	2	1967	4	12	2	2	2	2	3	2	4
3	2	3	2	2	1967	2	12	2	2	4	2	2	2	1
3	3	3	4	1	1967	3	12	6	6	6	6	4	5	6
3	3	3	3	2	1967	4	12	3	2	3	2	3	2	2
3	2	3	3	2	1967	3	12	3	3	6	4	1	3	4
3	2	2	2	1	1967	4	12	3	1	1	3	1	2	2
3	2	2	2	2	1968	3	12	4	3	4	5	2	2	3
3	2	2	3	2	1968	3	12	5	2	2	1	3	1	1
3	2	2	3	2	1968	3	12	5	4	3	4	3	3	3
3	2	2	3	2	1969	3	12	3	3	2	3	2	2	2
3	3	3	4	2	1969	3	12	3	3	3	2	3	1	1
3	4	4	4	2	1969	3	12	5	2	2	2	2	2	2
3	3	3	3	2	1969	4	12	5	4	3	4	3	4	4
3	2	3	3	1	1969	2	12	4	3	2	3	3	3	3
3	3	3	3	2	1969	3	12	3	1	4	1	2	2	2
3	3	3	3	2	1969	3	12	4	2	2	2	4	2	2
3	3	3	3	2	1970	3	12	3	2	2	2	4	3	3
3	3	3	3	1	1970	3	12	5	2	3	3	2	3	3
3	2	3	3	1	1970	5	12	4	2	3	3	2	2	3
3	3	3	3	2	1970	4	12	3	3	3	3	1	1	3
3	2	2	2	2	1970	5	12	4	1	3	3	2	2	2
3	2	2	2	2	1970	3	12	5	4	3	3	2	2	2
3	1	1	1	2	1970	2	12	1	1	1	1	1	1	1
3	3	3	3	1	1971	2	12	5	5	4	4	3	3	3
3	4	4	4	2	1971	1	12	2	3	3	2	2	2	2
3	2	2	2	2	1971	3	12	3	3	2	3	3	3	3
3	3	3	3	1	1971	3	12	5	2	5	4	3	2	3
3	2	2	4	1	1972	4	12	5	3	1	3	1	3	1
3	2	2	2	1	1972	3	12	2	2	5	1	2	5	2
3	2	2	2	2	1972	2	12	9	9	9	9	9	9	9
3	2	2	2	2	1972	3	12	4	2	5	6	3	2	3
3	3	3	3	2	1973	3	12	3	5	3	4	2	2	1
3	2	2	2	2	1973	5	12	3	5	1	4	5	4	2
3	1	1	1	2	1973	3	12	3	3	5	3	1	1	3
3	2	2	2	2	1974	3	12	3	2	4	4	3	4	3
3	2	2	3	2	1974	3	12	3	2	5	3	2	3	2
3	1	1	2	1	1974	2	12	3	3	2	3	2	3	3
3	2	2	2	2	1974	3	12	2	2	4	2	2	2	2
3	2	3	3	2	1974	3	12	4	3	3	2	3	2	1
3	3	3	3	2	1974	3	12	3	4	2	3	1	2	1
3	4	4	4	2	1974	3	12	9	9	9	9	9	9	9
3	2	2	2	1	1974	3	12	2	1	2	2	2	2	1
3	2	2	2	2	1975	5	12	1	1	1	2	2	1	2
3	3	3	3	1	1975	2	12	2	3	4	4	2	1	3
3	4	4	3	2	1976	2	12	3	2	3	4	1	3	2
3	2	2	2	1	1976	2	12	2	2	1	2	2	3	4
3	3	3	3	2	1977	3	12	4	3	2	2	2	3	3
3	3	3	3	1	1977	3	12	4	3	3	3	2	3	2
3	3	3	3	2	1977	3	12	1	1	1	1	2	2	1
3	2	2	2	2	1977	4	12	4	3	4	4	2	3	3
3	3	3	3	1	1978	3	12	1	2	2	1	2	1	1
3	2	3	8	1	1978	3	12	9	9	9	9	1	9	9
3	2	2	2	2	1979	2	12	2	1	3	3	2	2	3
3	2	2	2	1	1980	2	12	3	4	2	3	2	3	3
3	2	3	2	2	1982	3	12	3	2	3	2	2	3	3
3	2	2	3	2	1982	3	12	4	4	3	2	3	4	4
3	3	3	3	1	1982	4	12	3	5	4	2	3	3	2
3	1	3	1	2	1984	2	12	4	2	4	2	2	4	2
3	2	2	2	2	1985	2	12	3	4	2	3	2	1	2
3	3	3	2	1	1985	3	12	3	4	5	4	2	3	3
3	3	3	3	1	1985	3	12	3	4	2	3	3	2	3
3	2	2	2	1	1985	3	12	4	5	6	5	5	2	2
3	2	2	3	2	1985	3	12	4	3	5	4	4	4	5
3	3	3	1	1	1986	3	12	3	4	5	4	3	2	2
3	1	1	2	2	1986	4	12	3	2	2	3	2	3	4
3	3	3	4	1	1986	3	12	4	3	2	2	2	2	2
3	2	3	2	1	1986	3	12	4	6	4	3	2	2	4
3	2	2	2	2	1986	3	12	5	2	4	4	2	3	3
3	4	4	4	2	1986	3	12	3	5	4	3	2	5	3
3	2	2	2	2	1986	2	12	4	3	3	3	3	3	3
3	3	3	3	1	1988	2	12	3	2	2	4	3	2	2
3	4	4	4	1	1913	2	11	3	3	1	4	2	4	2
3	4	4	4	2	1920	2	11	5	2	2	3	2	1	2
3	3	4	4	2	1921	3	11	1	1	2	1	2	2	1
3	1	1	1	2	1921	2	11	1	1	1	4	1	3	2
3	2	2	2	2	1921	2	11	2	1	1	1	2	2	1
3	2	3	3	2	1923	2	11	2	2	2	2	2	2	1
3	2	2	3	2	1924	2	11	6	2	1	4	1	1	1
3	1	2	2	1	1924	3	11	5	5	3	2	2	2	3
3	2	3	4	2	1925	2	11	3	4	2	1	5	4	2
3	2	3	4	2	1926	3	11	1	1	1	1	2	1	1
3	1	2	3	2	1928	2	11	4	5	4	1	2	2	3
3	2	2	2	1	1929	2	11	2	3	3	2	2	2	2
3	2	2	3	1	1930	3	11	3	4	3	1	1	1	1
3	2	3	4	2	1930	2	11	9	9	9	9	9	9	9
3	2	2	3	1	1930	2	11	3	3	2	3	2	3	2
3	8	8	8	2	1931	3	11	6	5	3	3	1	6	3
3	1	2	2	1	1931	3	11	5	2	6	3	6	3	2
3	3	4	4	1	1931	5	11	5	3	3	3	1	3	1
3	1	1	1	2	1933	3	11	2	2	2	2	2	2	2
3	3	3	3	2	1933	2	11	3	2	3	2	2	2	1
3	3	2	2	2	1934	5	11	4	3	3	3	1	2	2
3	3	3	3	1	1934	3	11	3	3	5	2	3	3	3
3	2	2	2	2	1935	5	11	3	3	2	2	1	2	2
3	4	4	4	1	1935	1	11	1	1	1	2	2	1	1
3	2	4	3	2	1935	2	11	2	1	2	2	2	3	1
3	4	4	2	2	1935	2	11	2	2	1	1	1	2	1
3	3	2	2	2	1936	2	11	5	3	2	2	1	1	1
3	2	2	2	2	1937	2	11	3	6	3	2	2	2	3
3	2	2	8	2	1937	5	11	9	9	9	9	9	9	9
3	3	4	4	1	1938	2	11	2	2	2	2	3	2	2
3	4	3	2	1	1939	2	11	3	1	3	3	1	1	1
3	2	2	4	1	1939	2	11	4	4	4	4	6	2	3
3	2	2	2	1	1940	3	11	3	2	3	2	2	3	3
3	2	3	3	2	1940	2	11	3	2	1	3	2	2	1
3	2	2	2	2	1941	3	11	4	2	5	3	3	1	2
3	1	1	1	1	1942	2	11	2	2	5	2	2	2	2
3	2	3	3	1	1942	2	11	3	1	3	3	2	3	1
3	2	3	3	2	1942	3	11	3	2	3	2	1	3	2
3	1	1	1	2	1943	5	11	3	3	2	2	2	3	3
3	4	4	4	1	1943	2	11	2	2	2	2	1	1	1
3	2	4	4	1	1943	2	11	5	3	3	2	2	2	1
3	2	2	2	1	1943	2	11	2	2	2	5	2	3	3
3	2	2	3	1	1943	2	11	2	1	2	2	2	2	1
3	1	1	3	2	1943	3	11	5	2	6	5	2	3	3
3	2	2	2	1	1944	4	11	1	1	1	1	1	2	2
3	1	2	2	2	1944	2	11	1	1	1	1	1	1	1
3	2	2	2	2	1944	2	11	4	4	2	3	1	3	2
3	2	2	1	1	1944	2	11	4	2	3	3	2	3	3
3	1	2	2	2	1944	4	11	4	4	4	6	2	3	1
3	2	2	2	1	1945	5	11	5	1	4	3	2	2	2
3	2	2	2	2	1945	2	11	4	1	3	2	2	2	1
3	2	2	3	1	1945	3	11	4	4	2	2	2	2	2
3	2	2	2	1	1946	3	11	1	2	3	2	3	2	2
3	2	2	2	2	1946	2	11	2	2	2	2	2	2	2
3	2	2	2	2	1946	3	11	5	3	3	2	2	2	1
3	3	3	4	1	1947	2	11	3	2	3	2	5	2	1
3	2	2	2	2	1947	2	11	2	1	2	1	1	1	1
3	1	2	2	2	1947	3	11	3	4	3	3	2	2	2
3	2	4	3	2	1948	3	11	4	5	2	1	3	3	2
3	2	4	4	2	1948	2	11	2	2	3	2	2	2	3
3	2	3	2	2	1948	3	11	3	3	3	2	2	2	3
3	2	2	2	2	1948	3	11	3	2	2	3	2	2	2
3	2	4	3	1	1949	2	11	5	6	4	2	3	6	5
3	4	4	4	2	1950	4	11	2	2	2	2	2	1	1
3	3	3	3	2	1950	2	11	2	1	1	4	1	1	1
3	8	8	8	1	1950	2	11	2	2	3	3	2	2	2
3	2	2	2	2	1951	2	11	2	2	1	2	1	1	2
3	2	2	4	2	1951	3	11	3	2	2	2	2	2	2
3	3	3	3	2	1951	3	11	2	2	4	1	2	2	1
3	2	3	4	2	1952	2	11	5	5	5	2	2	2	2
3	4	4	3	2	1952	4	11	1	4	1	2	1	1	2
3	2	4	4	1	1952	2	11	5	2	1	1	3	5	1
3	2	2	2	2	1953	3	11	4	4	4	4	3	2	4
3	2	2	2	2	1953	3	11	5	6	4	3	2	2	1
3	2	2	2	2	1953	3	11	3	5	5	5	2	2	2
3	2	2	2	1	1954	2	11	4	3	3	3	2	2	3
3	3	3	2	1	1955	3	11	4	3	3	2	2	3	2
3	4	4	3	2	1955	2	11	3	1	1	1	3	1	1
3	1	2	4	1	1955	2	11	3	4	3	3	3	4	3
3	2	2	2	2	1955	3	11	9	3	5	4	2	2	2
3	2	2	2	2	1955	3	11	6	1	1	2	2	1	1
3	3	3	4	1	1955	2	11	3	2	4	1	1	2	3
3	3	3	3	2	1955	3	11	5	3	4	4	3	3	2
3	3	3	2	2	1956	3	11	3	3	2	3	2	3	3
3	2	3	4	2	1956	2	11	4	2	2	3	2	3	2
3	2	2	2	1	1956	2	11	2	3	3	1	2	1	3
3	4	2	2	2	1956	2	11	2	1	2	3	1	2	2
3	2	3	3	2	1956	2	11	5	3	2	4	3	2	1
3	4	4	4	2	1957	2	11	2	2	2	2	2	3	3
3	2	2	2	2	1957	2	11	2	2	3	4	4	2	2
3	3	3	4	2	1958	3	11	3	3	2	2	2	2	3
3	2	2	2	2	1958	2	11	6	6	5	3	2	3	4
3	3	3	3	2	1958	3	11	6	5	6	6	5	4	2
3	2	2	3	1	1958	2	11	4	3	3	2	2	3	2
3	1	1	1	2	1958	2	11	5	4	5	4	1	1	2
3	2	2	2	2	1959	2	11	3	3	2	2	3	2	3
3	2	3	3	2	1959	2	11	2	3	4	4	3	3	3
3	2	2	3	1	1960	3	11	3	3	3	3	2	3	2
3	1	2	2	1	1961	2	11	2	5	3	2	2	3	4
3	3	3	3	2	1961	3	11	4	2	3	3	3	2	2
3	2	3	3	1	1961	3	11	2	1	3	2	1	2	1
3	3	3	3	2	1962	2	11	6	1	3	4	2	1	2
3	4	4	4	2	1963	2	11	5	2	2	3	1	2	1
3	4	4	4	2	1963	3	11	1	1	1	1	1	1	1
3	2	2	3	2	1963	2	11	3	3	3	3	2	3	3
3	2	2	3	2	1964	3	11	2	1	4	1	2	1	2
3	3	3	3	1	1964	4	11	1	3	2	3	1	1	1
3	2	3	3	2	1964	2	11	3	4	5	5	3	4	3
3	2	2	2	1	1964	3	11	4	2	3	3	1	2	2
3	2	2	3	2	1964	3	11	2	2	3	4	2	2	2
3	2	2	2	1	1964	2	11	2	2	3	2	3	4	2
3	2	2	3	1	1965	3	11	2	5	5	2	1	2	1
3	4	4	4	2	1965	2	11	2	3	2	2	2	2	3
3	4	3	3	2	1965	5	11	2	3	1	1	1	3	3
3	2	3	3	2	1965	3	11	4	3	3	3	3	3	3
3	2	3	3	2	1966	3	11	6	1	6	2	3	2	3
3	3	3	2	1	1966	2	11	2	5	2	5	2	5	2
3	2	2	2	2	1966	2	11	4	2	4	4	3	3	4
3	3	3	4	1	1966	3	11	4	2	3	2	3	2	2
3	2	3	3	2	1966	3	11	2	2	2	2	2	3	2
3	2	3	3	2	1967	3	11	2	2	2	2	2	2	2
3	1	1	1	1	1967	5	11	4	2	3	1	2	2	1
3	2	2	2	1	1967	3	11	6	3	4	5	3	5	1
3	3	3	3	2	1967	3	11	5	4	3	4	2	2	2
3	4	4	4	2	1967	2	11	9	3	9	3	9	9	3
3	3	3	3	2	1967	3	11	5	4	6	5	3	3	3
3	2	3	2	2	1967	3	11	4	3	2	3	5	3	4
3	1	3	3	1	1969	2	11	1	1	3	1	1	1	1
3	3	3	3	1	1969	2	11	6	6	5	5	2	4	3
3	2	2	2	2	1969	5	11	4	3	3	3	3	3	3
3	2	2	3	1	1969	2	11	4	5	3	3	1	3	2
3	3	3	3	1	1969	2	11	5	4	3	3	4	3	3
3	3	3	3	1	1969	4	11	3	2	2	2	1	5	1
3	1	2	2	1	1969	2	11	3	3	4	3	2	4	3
3	2	3	3	1	1970	3	11	2	3	2	2	2	3	2
3	3	3	3	1	1970	2	11	3	5	3	3	1	3	2
3	2	2	2	1	1970	3	11	3	1	1	2	2	2	2
3	2	2	3	1	1971	2	11	4	3	4	3	3	2	3
3	2	2	2	2	1971	2	11	4	3	3	3	2	2	3
3	1	1	1	2	1971	2	11	1	1	4	4	1	1	1
3	4	4	3	2	1971	2	11	6	3	2	5	3	2	6
3	3	3	4	1	1971	5	11	5	2	3	2	3	3	3
3	2	2	2	1	1972	1	11	3	3	3	2	2	2	2
3	2	2	2	2	1972	2	11	5	4	4	5	4	3	3
3	3	3	2	2	1972	1	11	3	1	3	3	2	1	1
3	2	2	2	1	1973	2	11	5	3	3	3	2	1	1
3	2	2	2	1	1974	2	11	2	2	2	2	2	2	2
3	2	3	3	2	1975	3	11	3	3	4	4	2	2	2
3	2	2	2	2	1975	2	11	3	3	3	2	2	2	3
3	2	3	4	1	1977	3	11	3	3	2	3	2	2	2
3	2	3	3	1	1977	5	11	4	3	2	2	2	2	3
3	3	3	3	2	1977	3	11	5	3	3	2	4	2	4
3	3	3	1	2	1979	2	11	3	5	5	4	4	3	3
3	3	3	3	2	1980	2	11	1	3	4	3	2	1	2
3	2	2	2	2	1981	3	11	4	3	4	3	2	3	2
3	3	3	3	2	1982	3	11	4	3	3	2	3	4	2
3	2	2	2	2	1982	3	11	4	4	5	4	2	3	3
3	2	2	2	2	1983	2	11	3	3	4	4	3	3	3
3	2	3	1	1	1986	2	11	3	2	4	3	1	4	2
3	2	2	1	2	1986	2	11	4	6	4	4	1	2	4
3	4	4	2	1	1986	2	11	3	9	2	9	2	2	9
3	2	2	1	2	1986	2	11	5	1	3	5	1	2	1
3	3	3	4	2	1987	2	11	3	1	3	4	1	2	2
3	2	2	1	1	1987	2	11	5	4	5	5	4	2	5
3	2	2	2	1	1987	1	11	2	4	4	4	2	2	4
3	2	2	1	2	1987	2	11	4	5	3	3	4	4	4
3	1	2	2	2	1987	1	11	3	2	3	3	1	3	3
3	1	3	3	2	1987	2	11	5	2	2	3	2	2	3
3	1	1	1	1	1987	2	11	2	5	6	4	1	3	2
3	1	2	3	1	1987	3	11	4	3	4	3	3	2	2
3	1	4	2	2	1988	2	11	3	4	3	2	1	3	4
3	2	2	1	2	1989	2	11	6	5	3	3	1	1	5
3	2	3	3	2	1915	1	10	1	2	2	1	1	3	2
3	3	4	4	2	1915	2	10	6	6	5	6	4	6	6
3	2	4	4	2	1918	2	10	5	2	2	2	2	2	2
3	2	2	2	1	1920	2	10	4	2	3	1	1	2	1
3	3	4	2	1	1922	3	10	5	2	1	2	2	2	2
3	4	4	4	1	1922	3	10	2	2	2	2	2	2	2
3	3	3	3	2	1923	2	10	2	3	2	4	2	2	2
3	3	4	3	2	1923	2	10	2	2	2	2	2	2	2
3	1	1	1	2	1923	2	10	3	3	1	3	1	1	2
3	2	2	4	1	1924	4	10	4	2	4	3	3	3	3
3	2	3	2	1	1924	2	10	2	2	2	2	2	5	2
3	3	3	2	2	1924	2	10	2	2	2	2	2	2	2
3	2	2	2	2	1925	3	10	3	2	1	2	1	2	2
3	2	2	2	2	1925	4	10	3	1	2	1	2	1	2
3	2	2	2	1	1925	2	10	4	6	3	3	1	1	2
3	2	3	3	1	1925	2	10	3	2	2	2	2	2	2
3	3	3	4	1	1926	2	10	2	1	2	2	1	2	1
3	3	3	3	1	1926	2	10	5	4	1	2	1	5	2
3	3	4	4	2	1927	2	10	3	2	2	1	2	3	2
3	2	2	2	2	1927	2	10	3	2	2	1	3	3	2
3	2	4	4	1	1927	2	10	4	1	2	2	1	2	1
3	2	2	2	2	1927	5	10	3	3	4	3	3	3	3
3	2	2	3	2	1928	2	10	5	3	2	2	3	4	1
3	3	3	3	2	1928	2	10	2	2	3	2	4	2	2
3	3	4	2	2	1929	1	10	5	2	2	2	2	5	2
3	2	2	2	2	1929	3	10	3	1	1	2	1	3	2
3	2	2	2	2	1929	2	10	3	2	2	4	3	3	3
3	2	2	2	1	1929	5	10	3	3	3	3	3	3	2
3	2	2	2	2	1930	3	10	2	2	1	2	2	2	1
3	2	2	3	2	1930	2	10	2	2	2	1	2	2	2
3	3	3	2	1	1930	2	10	2	1	1	2	4	2	2
3	3	4	3	1	1930	2	10	4	1	2	2	1	3	2
3	1	2	4	2	1930	2	10	1	2	2	1	2	2	1
3	2	2	2	1	1930	2	10	4	3	2	3	2	3	2
3	2	3	2	1	1931	2	10	3	3	3	3	2	3	3
3	2	2	2	2	1931	2	10	2	2	1	2	2	2	2
3	3	3	3	1	1932	3	10	2	3	2	2	2	3	2
3	1	3	3	1	1932	3	10	2	2	3	2	2	2	2
3	2	3	1	1	1932	2	10	3	2	2	4	3	2	1
3	3	3	3	1	1933	5	10	2	2	1	1	1	1	2
3	1	3	4	1	1933	2	10	6	2	2	2	3	2	2
3	2	3	2	2	1933	2	10	5	1	4	1	3	2	1
3	3	3	3	2	1934	2	10	3	2	2	2	2	2	3
3	3	3	4	2	1934	2	10	1	1	1	1	2	2	1
3	3	3	3	1	1935	2	10	2	2	5	2	2	2	2
3	3	3	3	2	1935	2	10	3	3	2	2	5	2	2
3	4	4	4	2	1935	2	10	1	2	2	5	2	5	2
3	3	3	3	1	1935	3	10	5	3	2	3	1	3	2
3	2	2	2	1	1936	2	10	4	4	3	3	2	2	2
3	2	2	2	2	1936	3	10	3	4	1	1	1	1	3
3	3	3	3	1	1936	2	10	3	2	5	5	2	2	2
3	2	4	2	2	1936	1	10	2	4	4	5	2	4	2
3	2	2	2	1	1936	2	10	6	2	2	1	1	2	1
3	3	3	4	2	1936	2	10	6	2	4	2	1	5	2
3	3	3	2	1	1936	4	10	2	2	2	2	2	2	2
3	2	2	2	1	1936	8	10	4	4	3	2	2	3	2
3	2	3	3	2	1937	2	10	2	1	2	1	1	1	1
3	8	8	8	2	1938	2	10	2	1	3	1	1	1	1
3	2	2	2	2	1938	2	10	3	1	1	1	1	3	1
3	2	4	3	1	1938	2	10	2	2	2	1	2	3	2
3	2	2	2	2	1938	2	10	3	3	3	2	2	2	2
3	2	2	2	1	1938	3	10	3	1	3	3	3	3	3
3	2	2	2	2	1938	2	10	1	1	3	3	2	2	1
3	3	3	3	2	1938	1	10	3	3	3	3	2	3	1
3	2	2	2	2	1939	2	10	2	1	1	1	1	1	2
3	2	2	2	2	1939	2	10	3	2	2	3	1	2	2
3	2	2	4	1	1939	2	10	3	3	2	1	2	2	2
3	2	3	2	1	1939	2	10	5	1	2	2	1	3	1
3	2	2	2	2	1939	2	10	2	6	2	6	2	2	6
3	3	3	3	2	1939	2	10	4	3	2	2	2	2	1
3	2	4	4	2	1940	3	10	5	5	6	6	3	2	5
3	2	3	2	2	1940	2	10	3	2	2	4	1	3	2
3	4	4	2	2	1940	2	10	2	2	9	2	2	9	2
3	3	3	3	2	1940	2	10	3	2	5	3	2	5	1
3	4	4	4	2	1940	2	10	4	3	3	3	2	4	2
3	3	3	4	2	1941	3	10	3	2	2	2	2	4	2
3	3	2	2	2	1941	2	10	2	1	2	2	1	2	1
3	3	3	3	2	1941	2	10	4	3	3	2	2	2	1
3	2	3	3	2	1941	3	10	4	2	1	2	3	2	3
3	2	2	2	2	1941	2	10	5	2	4	4	2	2	1
3	2	2	3	2	1942	2	10	3	2	2	1	2	2	1
3	2	2	1	2	1942	3	10	4	2	2	3	3	3	4
3	2	2	2	2	1943	2	10	4	2	2	2	3	4	2
3	2	2	2	2	1943	3	10	4	6	4	5	2	2	2
3	4	4	3	2	1943	2	10	1	1	2	2	1	3	1
3	2	2	1	1	1943	2	10	1	2	3	2	1	1	2
3	2	2	2	1	1944	3	10	4	2	3	1	2	2	2
3	2	2	2	2	1944	2	10	3	2	3	2	2	3	1
3	3	3	3	2	1944	2	10	5	3	4	3	2	2	2
3	2	2	2	1	1944	2	10	4	2	3	1	2	2	2
3	2	3	2	1	1944	2	10	2	2	1	2	2	2	1
3	2	2	2	2	1945	2	10	4	4	4	4	2	2	2
3	3	2	2	2	1945	5	10	3	2	2	2	1	2	2
3	4	4	4	2	1945	2	10	2	4	2	3	3	3	4
3	3	3	2	2	1945	2	10	4	2	4	3	5	4	2
3	3	3	4	2	1945	2	10	5	4	4	2	2	2	2
3	4	4	4	1	1945	5	10	5	2	4	2	1	2	1
3	2	3	4	1	1945	2	10	3	3	2	2	2	3	2
3	2	2	3	1	1946	2	10	4	3	4	3	3	3	4
3	2	2	4	1	1946	2	10	1	2	1	2	1	1	1
3	2	2	3	2	1946	2	10	1	3	4	1	1	2	1
3	2	2	2	2	1946	2	10	1	3	3	3	5	5	3
3	3	3	3	2	1946	2	10	3	3	2	2	1	1	2
3	2	2	3	2	1946	2	10	2	3	3	4	2	3	1
3	2	2	2	1	1946	4	10	2	3	2	2	2	3	2
3	1	4	4	2	1946	2	10	3	1	3	1	1	3	1
3	2	2	2	1	1946	5	10	4	2	3	5	1	2	2
3	1	1	1	2	1946	3	10	3	4	3	3	1	2	1
3	2	2	2	2	1947	2	10	5	2	2	2	4	2	2
3	3	3	2	1	1947	3	10	5	2	3	2	1	2	1
3	2	2	2	2	1947	2	10	1	1	4	2	1	2	1
3	2	2	3	2	1947	2	10	3	2	2	2	3	3	3
3	2	2	2	1	1947	2	10	2	2	2	2	2	2	2
3	3	3	4	2	1947	2	10	4	3	4	4	1	1	2
3	2	3	3	2	1948	2	10	2	2	4	2	3	5	2
3	2	2	3	1	1948	3	10	9	3	3	2	2	3	2
3	2	2	2	2	1948	2	10	1	1	1	1	2	1	1
3	3	3	3	2	1948	2	10	6	2	4	3	2	3	1
3	2	2	2	2	1948	2	10	3	2	2	2	2	3	2
3	1	2	2	1	1948	2	10	2	3	2	2	2	3	3
3	3	3	4	1	1949	2	10	5	3	2	2	1	2	3
3	3	3	3	2	1949	2	10	3	2	2	3	3	2	3
3	2	2	2	2	1949	2	10	5	3	3	3	1	2	3
3	1	4	3	1	1949	3	10	4	2	3	3	3	2	1
3	3	4	4	2	1949	2	10	2	3	2	2	2	2	2
3	3	3	3	2	1949	2	10	1	3	1	2	1	1	2
3	2	2	2	2	1949	2	10	2	2	2	2	2	2	2
3	3	3	2	2	1950	2	10	6	4	1	2	2	1	1
3	2	2	2	1	1950	2	10	5	2	4	2	1	2	1
3	3	3	3	1	1950	2	10	3	2	3	3	3	3	2
3	2	2	2	2	1950	2	10	3	3	5	3	1	1	2
3	2	2	2	1	1950	2	10	4	2	3	3	2	2	2
3	3	2	3	2	1950	2	10	3	1	1	2	2	3	2
3	3	3	3	1	1950	2	10	2	2	3	2	2	2	2
3	4	4	4	1	1951	2	10	5	4	4	4	3	4	3
3	3	3	3	1	1951	2	10	3	3	2	3	3	4	3
3	3	2	2	2	1951	2	10	2	1	1	1	1	1	1
3	2	2	2	1	1951	5	10	4	3	3	3	3	3	2
3	2	2	2	2	1951	2	10	2	3	2	2	1	1	1
3	2	2	2	1	1951	3	10	3	3	4	3	2	2	2
3	2	2	3	2	1951	2	10	3	3	3	3	3	3	3
3	1	3	3	1	1952	2	10	5	3	4	5	3	4	4
3	2	2	4	2	1952	2	10	2	2	2	2	5	2	2
3	4	4	3	2	1952	8	10	1	3	1	2	4	1	1
3	1	2	2	2	1952	2	10	4	1	2	2	1	2	2
3	2	2	2	2	1952	2	10	2	2	3	2	2	2	2
3	2	2	4	1	1952	2	10	2	2	1	2	2	2	2
3	2	2	2	1	1952	2	10	6	4	4	3	2	3	3
3	4	2	2	2	1952	2	10	3	2	1	2	1	2	2
3	3	3	3	1	1952	2	10	3	3	4	3	3	3	3
3	1	1	1	2	1952	2	10	3	2	2	2	1	2	2
3	2	2	2	2	1952	2	10	3	2	2	2	2	2	2
3	2	2	2	2	1953	2	10	4	3	2	2	3	2	3
3	2	3	3	2	1953	2	10	2	2	1	1	2	2	2
3	4	4	4	1	1953	2	10	2	2	2	1	2	2	1
3	3	3	3	2	1953	2	10	2	2	3	3	4	3	2
3	2	2	4	1	1953	3	10	5	5	5	6	2	5	5
3	3	3	3	1	1954	2	10	5	2	3	3	3	4	3
3	2	2	2	2	1954	2	10	4	2	3	3	2	3	4
3	3	2	2	2	1954	2	10	3	5	3	2	2	4	2
3	2	2	2	1	1954	3	10	2	2	3	2	1	3	2
3	3	3	3	1	1954	2	10	2	2	2	2	2	3	2
3	1	2	2	1	1954	3	10	4	5	2	2	2	2	2
3	2	2	3	2	1954	2	10	2	2	2	1	2	3	2
3	2	2	2	2	1954	2	10	6	3	4	4	4	4	2
3	2	2	2	1	1955	3	10	3	3	4	2	3	3	3
3	2	2	2	2	1955	2	10	4	3	3	4	2	3	3
3	2	2	3	2	1955	2	10	3	5	5	3	2	3	3
3	1	1	1	2	1956	2	10	3	3	3	3	1	2	2
3	4	4	3	2	1956	2	10	2	3	3	2	2	2	2
3	4	4	4	2	1956	1	10	1	3	4	2	1	1	1
3	3	3	3	1	1956	2	10	2	2	2	3	1	2	1
3	2	2	2	1	1956	2	10	3	3	2	2	2	2	2
3	2	2	2	1	1956	2	10	2	5	3	2	2	2	2
3	2	2	2	2	1956	2	10	3	4	2	2	2	3	2
3	4	4	4	2	1956	3	10	6	3	6	3	1	6	2
3	1	3	1	2	1956	2	10	3	2	4	3	1	2	1
3	3	3	4	2	1956	2	10	2	2	2	9	1	2	2
3	3	2	3	2	1956	2	10	2	3	2	2	3	2	2
3	2	2	2	2	1956	2	10	1	2	2	2	2	3	2
3	2	3	3	2	1957	2	10	6	4	5	3	2	2	3
3	3	3	3	1	1957	2	10	3	4	4	3	2	3	3
3	2	2	2	1	1957	4	10	2	3	3	3	2	2	1
3	3	3	4	2	1957	1	10	3	4	3	3	1	1	3
3	3	3	3	2	1957	2	10	4	3	3	4	3	4	3
3	2	3	2	2	1957	3	10	4	2	3	3	2	3	2
3	4	4	4	1	1958	2	10	4	4	3	4	4	4	4
3	2	2	2	1	1958	2	10	2	3	3	2	2	2	1
3	3	3	3	1	1958	2	10	2	2	2	2	1	2	2
3	4	4	4	1	1959	2	10	2	1	5	2	2	1	4
3	4	2	2	2	1959	2	10	2	2	4	2	2	3	2
3	2	2	2	2	1959	2	10	3	4	2	3	1	2	3
3	2	2	2	2	1960	2	10	4	2	2	3	2	2	1
3	4	4	4	2	1960	2	10	3	2	5	1	2	3	2
3	3	3	4	1	1960	3	10	3	3	3	3	4	3	2
3	2	2	2	1	1960	2	10	3	2	3	3	2	2	2
3	3	3	2	1	1960	1	10	2	2	2	2	2	3	2
3	3	4	4	2	1960	2	10	4	4	4	4	2	3	2
3	4	4	4	1	1961	2	10	4	1	1	1	1	1	1
3	4	4	4	2	1961	1	10	3	3	3	3	3	3	3
3	4	4	3	2	1961	2	10	1	3	1	4	3	3	2
3	3	3	3	2	1962	2	10	4	2	1	2	1	1	2
3	3	3	3	2	1962	2	10	4	2	3	3	1	2	1
3	2	2	2	1	1962	2	10	5	4	3	4	2	3	2
3	2	2	2	1	1962	2	10	5	2	4	3	2	3	2
3	3	3	8	2	1962	2	10	2	3	3	3	3	3	3
3	2	2	3	2	1963	3	10	3	3	2	3	2	2	2
3	3	3	4	1	1963	2	10	2	4	2	2	2	3	2
3	3	2	4	2	1963	3	10	3	3	2	3	2	2	1
3	2	3	3	1	1964	3	10	2	6	2	6	6	4	9
3	2	2	2	2	1964	2	10	3	3	5	4	3	5	2
3	2	2	2	2	1964	2	10	5	2	3	3	2	3	2
3	2	2	2	2	1964	2	10	2	2	2	2	3	2	2
3	1	2	2	1	1964	2	10	2	3	2	4	3	5	2
3	3	3	3	2	1964	2	10	2	3	2	3	2	2	3
3	2	3	3	2	1965	2	10	3	2	3	3	2	3	2
3	3	3	3	2	1966	2	10	5	4	4	5	2	3	2
3	4	4	4	2	1966	2	10	6	2	5	3	2	1	2
3	4	4	4	1	1967	2	10	4	4	4	1	1	3	2
3	3	3	3	2	1967	2	10	3	2	4	5	2	2	2
3	2	2	2	1	1968	4	10	5	5	5	5	2	3	4
3	3	3	3	1	1968	2	10	6	1	6	1	3	3	1
3	3	3	3	2	1968	2	10	2	3	3	4	5	3	1
3	2	2	2	2	1968	1	10	2	1	3	2	4	2	1
3	2	2	2	1	1969	2	10	4	5	5	3	2	2	3
3	3	3	3	1	1969	3	10	3	2	2	2	1	3	3
3	8	8	8	1	1969	3	10	3	2	2	3	2	2	3
3	4	4	4	1	1969	2	10	4	4	3	2	2	4	2
3	3	8	3	1	1969	4	10	3	3	3	2	2	3	3
3	3	3	3	2	1969	2	10	5	3	4	4	2	2	2
3	4	4	4	2	1970	3	10	4	4	3	3	2	2	3
3	2	4	2	1	1970	2	10	2	1	5	2	2	3	1
3	2	2	2	2	1970	2	10	3	2	4	2	3	3	2
3	2	3	3	1	1971	2	10	3	3	3	2	2	1	1
3	2	2	3	1	1971	1	10	6	1	3	1	1	2	1
3	2	2	2	1	1971	2	10	3	6	3	2	3	3	3
3	4	4	4	2	1972	2	10	2	2	3	3	2	2	2
3	1	1	1	2	1972	2	10	5	1	3	3	2	1	1
3	3	2	2	1	1972	2	10	2	3	2	3	3	2	3
3	2	2	2	1	1973	3	10	2	2	3	2	2	2	2
3	2	2	3	1	1974	1	10	2	9	1	5	6	2	2
3	2	2	2	2	1975	2	10	1	2	4	2	2	2	1
3	2	2	2	1	1975	2	10	5	3	1	5	2	2	3
3	2	2	2	1	1975	3	10	3	4	3	3	2	3	2
3	2	2	4	1	1976	1	10	5	5	5	5	5	5	5
3	3	3	3	2	1976	3	10	3	2	3	5	5	3	3
3	1	1	2	2	1977	2	10	5	2	4	4	1	4	2
3	2	2	2	2	1978	2	10	9	9	9	9	9	9	9
3	4	4	4	2	1978	3	10	4	3	4	3	2	2	5
3	2	2	2	1	1978	2	10	3	1	2	1	1	2	2
3	3	3	2	2	1979	2	10	3	5	3	3	3	2	3
3	3	3	3	1	1979	2	10	3	1	3	3	1	2	1
3	2	2	2	1	1979	3	10	1	1	3	2	1	1	1
3	3	3	4	2	1980	2	10	3	2	3	2	3	2	2
3	2	3	3	2	1983	2	10	4	2	4	3	3	3	4
3	4	4	4	2	1984	2	10	6	5	6	6	2	3	3
3	3	3	3	2	1987	3	10	3	2	3	4	2	2	5
3	3	3	3	2	1987	3	10	1	4	3	3	2	2	3
3	2	2	2	2	1988	1	10	3	2	3	3	1	1	2
3	2	2	2	2	1988	2	10	4	3	3	4	3	4	2
3	2	4	2	2	1988	1	10	1	6	3	3	1	1	5
3	2	2	2	2	1988	0	10	4	2	3	4	2	2	3
3	2	2	2	2	1988	1	10	4	4	3	3	2	2	3
3	2	2	3	2	1988	2	10	4	5	3	4	3	4	4
3	3	3	2	2	1988	2	10	1	3	3	5	1	4	2
3	3	3	3	2	1989	1	10	3	2	3	3	2	2	2
3	2	2	2	2	1918	2	9	1	2	2	2	2	2	2
3	3	3	4	1	1921	2	9	2	2	2	2	2	3	2
3	3	3	3	2	1921	2	9	2	2	1	2	1	2	2
3	3	3	2	2	1922	2	9	2	2	2	2	2	2	2
3	3	4	4	1	1924	2	9	1	2	2	3	2	3	2
3	2	3	3	2	1924	2	9	6	1	1	6	1	3	1
3	2	2	3	1	1925	2	9	6	2	1	1	6	3	2
3	2	2	2	2	1926	2	9	2	4	3	3	1	2	1
3	1	1	2	2	1926	1	9	3	3	3	2	2	3	2
3	8	4	3	2	1926	2	9	2	3	3	3	3	3	2
3	3	3	3	2	1927	3	9	2	2	2	2	1	3	2
3	2	2	3	2	1927	2	9	4	1	2	2	2	1	1
3	4	4	8	2	1927	2	9	2	2	1	1	2	1	2
3	2	2	4	2	1927	2	9	1	1	1	1	1	1	1
3	3	8	8	2	1928	2	9	4	1	3	6	1	5	2
3	2	3	2	2	1928	2	9	3	3	3	3	3	3	3
3	1	1	1	2	1929	2	9	3	5	3	2	1	2	1
3	3	4	3	2	1929	1	9	2	2	2	2	2	3	2
3	2	2	2	2	1930	1	9	3	2	1	2	1	1	1
3	3	3	4	2	1930	2	9	3	2	2	2	1	1	1
3	4	4	4	1	1932	2	9	2	2	2	2	1	4	4
3	2	3	2	1	1932	2	9	2	1	2	1	2	3	1
3	2	2	2	2	1932	2	9	2	2	3	3	3	2	2
3	3	3	3	2	1933	2	9	2	3	2	2	3	3	3
3	2	3	3	2	1933	2	9	1	2	3	2	2	3	2
3	2	2	2	2	1934	2	9	2	1	3	2	2	3	2
3	2	2	2	1	1935	3	9	4	3	3	3	2	2	2
3	3	3	3	1	1935	2	9	3	1	1	1	1	1	1
3	2	2	2	1	1935	3	9	2	2	2	2	2	3	2
3	4	4	2	2	1936	1	9	1	3	3	2	2	2	3
3	2	2	2	2	1937	2	9	3	2	2	4	2	3	3
3	3	3	4	2	1937	2	9	1	2	2	2	1	2	2
3	1	1	1	1	1937	2	9	3	3	2	3	2	2	3
3	2	2	1	2	1938	2	9	3	3	3	2	3	3	3
3	2	2	2	2	1938	2	9	3	1	2	1	2	2	1
3	2	3	2	2	1939	2	9	5	3	2	3	6	3	1
3	2	3	3	1	1939	1	9	2	5	2	1	1	3	1
3	2	2	2	2	1939	2	9	3	2	3	3	1	5	3
3	2	2	2	1	1940	2	9	4	3	2	2	2	3	1
3	2	2	3	2	1941	3	9	1	2	2	1	2	3	2
3	2	2	2	1	1941	2	9	2	5	5	3	2	1	3
3	2	2	2	1	1941	2	9	5	1	2	3	2	4	2
3	3	3	3	1	1941	2	9	2	2	2	2	2	2	2
3	7	7	1	1	1941	3	9	4	4	5	5	3	3	1
3	2	3	3	2	1941	3	9	3	2	4	2	2	2	1
3	2	2	2	2	1942	1	9	3	2	4	5	3	2	3
3	2	4	2	1	1943	2	9	4	3	3	3	3	2	2
3	2	2	2	2	1943	2	9	3	3	3	3	3	3	2
3	3	3	3	2	1944	2	9	5	3	2	4	2	2	1
3	2	2	2	2	1944	2	9	5	4	3	4	3	3	3
3	2	2	2	2	1944	3	9	3	1	3	3	2	2	2
3	3	3	4	1	1944	2	9	1	2	1	2	1	2	2
3	2	2	2	1	1944	2	9	9	9	9	9	9	9	9
3	4	4	4	1	1944	2	9	3	2	3	2	3	4	4
3	2	2	2	2	1945	1	9	3	2	3	3	3	3	2
3	3	3	2	2	1945	2	9	3	2	3	1	2	2	1
3	1	1	1	1	1946	2	9	1	4	1	1	1	1	4
3	3	3	4	1	1946	3	9	3	2	3	2	2	2	3
3	2	2	2	2	1946	3	9	6	2	2	2	1	2	2
3	2	4	2	2	1946	2	9	5	3	2	2	1	2	1
3	2	3	3	2	1946	2	9	5	4	5	5	4	4	3
3	3	3	3	2	1946	4	9	3	2	3	2	3	2	3
3	2	3	3	2	1946	2	9	5	1	6	1	2	3	1
3	2	2	2	2	1946	2	9	5	2	4	3	3	2	3
3	3	3	3	2	1947	2	9	3	2	2	3	2	3	3
3	4	4	4	2	1947	1	9	2	2	2	2	2	2	2
3	2	3	3	2	1947	1	9	5	3	2	3	1	1	2
3	3	3	3	2	1947	2	9	3	1	3	4	2	4	2
3	2	2	2	2	1948	2	9	6	5	3	5	2	4	3
3	2	3	3	2	1948	2	9	4	3	2	2	1	2	2
3	2	2	2	2	1948	2	9	4	2	3	4	3	3	3
3	3	3	3	2	1948	2	9	3	2	2	2	3	3	4
3	3	3	3	2	1948	2	9	5	3	3	4	3	3	3
3	3	3	3	1	1948	2	9	2	2	2	2	2	2	2
3	2	4	4	2	1948	2	9	1	2	3	2	2	3	1
3	3	3	3	2	1948	1	9	5	2	5	2	2	3	2
3	2	2	2	2	1949	2	9	5	2	5	2	2	2	1
3	2	2	2	2	1949	2	9	3	1	4	2	2	3	3
3	2	2	4	1	1950	2	9	5	2	4	1	1	2	3
3	1	3	3	2	1950	4	9	2	3	5	3	3	2	3
3	2	3	2	2	1950	2	9	1	1	1	1	9	3	5
3	3	3	3	2	1950	5	9	6	6	6	4	4	2	3
3	2	2	2	2	1951	3	9	2	1	5	3	2	3	3
3	2	2	2	2	1951	2	9	3	2	2	3	2	3	2
3	2	2	4	2	1951	2	9	6	4	4	5	2	2	2
3	3	3	3	2	1951	2	9	4	6	6	6	3	2	4
3	2	3	2	2	1952	1	9	9	2	2	2	1	4	1
3	3	3	3	2	1952	2	9	4	5	4	9	2	2	2
3	4	4	2	1	1953	2	9	5	2	2	2	2	2	2
3	3	4	3	1	1953	2	9	3	3	3	3	3	3	3
3	2	2	2	2	1953	2	9	3	4	3	3	2	3	2
3	2	2	2	2	1954	1	9	6	1	1	1	1	1	1
3	2	2	4	2	1954	2	9	2	2	3	2	2	2	2
3	2	2	2	2	1954	2	9	2	3	3	2	2	2	3
3	2	2	2	1	1954	2	9	2	9	2	9	2	2	9
3	3	3	3	2	1954	1	9	2	2	2	2	2	5	2
3	3	3	3	1	1954	2	9	3	2	3	3	1	5	2
3	3	3	3	2	1954	2	9	2	3	1	3	2	1	1
3	4	4	4	2	1955	1	9	1	1	4	5	1	1	1
3	4	4	4	2	1955	2	9	1	2	3	2	5	3	3
3	1	2	4	2	1956	2	9	3	5	5	3	2	5	2
3	1	1	2	2	1956	4	9	4	3	3	3	2	3	3
3	1	1	1	1	1956	2	9	2	4	1	3	2	1	4
3	2	2	2	2	1956	1	9	2	4	3	4	1	1	5
3	1	1	1	1	1957	2	9	3	2	3	3	3	3	2
3	1	1	1	2	1957	2	9	5	2	2	1	1	2	2
3	2	2	2	1	1957	2	9	3	5	1	2	1	1	3
3	4	4	4	1	1957	2	9	6	3	2	3	3	2	2
3	3	4	4	2	1957	2	9	4	4	1	1	1	1	1
3	2	2	2	2	1957	2	9	5	3	4	2	1	3	2
3	2	2	2	1	1958	5	9	5	2	2	3	1	2	2
3	2	2	2	1	1959	2	9	4	2	5	4	2	3	2
3	3	4	4	1	1960	1	9	2	2	3	2	2	2	1
3	2	2	3	2	1961	3	9	5	3	3	3	2	2	3
3	1	1	1	2	1962	2	9	2	3	4	3	2	2	2
3	2	2	2	2	1966	2	9	3	3	2	3	2	2	3
3	2	2	2	2	1967	1	9	1	3	3	2	2	1	1
3	3	3	4	2	1968	1	9	5	3	3	2	5	3	2
3	1	1	1	1	1969	1	9	4	1	1	2	1	1	2
3	2	2	2	1	1970	2	9	4	3	2	3	3	3	3
3	3	2	2	1	1971	2	9	4	2	5	4	3	3	1
3	3	4	3	2	1972	1	9	2	4	2	3	1	2	3
3	3	3	3	1	1975	3	9	3	2	3	2	2	3	2
3	2	2	2	2	1976	3	9	3	3	3	3	3	5	3
3	2	2	2	1	1978	2	9	4	2	2	2	2	2	1
3	2	2	2	2	1980	0	9	2	2	2	2	2	2	2
3	3	4	4	1	1984	3	9	3	4	3	5	4	2	3
3	2	2	2	1	1988	1	9	5	5	4	4	2	5	3
3	2	4	4	2	1988	1	9	2	5	5	3	4	3	4
3	3	3	2	2	1988	1	9	2	3	2	3	1	1	2
3	2	2	2	1	1989	2	9	1	4	5	4	1	4	2
3	2	2	2	2	1989	1	9	4	4	4	4	2	3	2
3	3	3	3	1	1989	1	9	3	2	4	3	3	3	2
3	3	3	2	2	1989	1	9	3	4	3	4	2	2	2
3	3	1	1	2	1989	1	9	2	3	2	3	1	2	2
3	2	3	4	2	1989	1	9	4	4	5	4	6	4	3
3	2	4	4	1	1989	1	9	4	3	3	2	2	2	3
3	2	2	2	2	1989	1	9	2	1	2	2	1	2	1
3	3	3	2	1	1912	2	8	2	1	3	1	3	2	2
3	3	4	4	2	1914	1	8	2	1	2	2	2	3	2
3	2	4	4	2	1917	1	8	2	5	1	4	2	4	2
3	3	3	3	2	1917	1	8	3	2	1	1	3	1	2
3	2	2	2	2	1918	2	8	4	4	2	2	2	4	2
3	2	2	2	2	1918	1	8	9	9	9	9	9	9	9
3	2	2	2	2	1920	0	8	4	2	2	3	2	2	1
3	2	2	2	1	1921	2	8	4	1	2	3	2	2	1
3	3	3	3	2	1921	1	8	1	1	1	1	1	1	1
3	4	4	4	2	1923	1	8	2	2	6	2	2	2	2
3	4	4	4	2	1923	1	8	2	1	2	2	2	6	2
3	3	3	3	2	1924	1	8	4	1	2	1	1	2	1
3	2	3	3	1	1925	2	8	3	2	2	2	2	2	2
3	3	3	3	2	1925	1	8	1	1	1	2	2	3	2
3	2	2	2	2	1925	3	8	5	1	1	1	2	2	1
3	3	3	3	2	1925	1	8	1	6	1	6	1	1	6
3	3	4	4	2	1926	2	8	4	2	4	2	3	3	2
3	4	4	4	2	1926	1	8	3	2	2	2	1	3	3
3	4	4	4	1	1927	1	8	2	1	1	2	2	2	1
3	3	3	3	2	1927	1	8	1	1	1	2	3	2	3
3	2	3	4	2	1928	1	8	2	3	2	2	2	3	2
3	2	2	2	2	1928	2	8	3	1	1	1	1	3	1
3	4	4	4	1	1929	1	8	3	1	3	2	2	3	1
3	4	4	4	2	1930	2	8	3	3	3	3	3	3	3
3	2	3	3	1	1930	1	8	2	2	2	2	3	1	3
3	2	4	3	2	1931	1	8	3	1	2	1	2	1	1
3	4	4	4	2	1931	2	8	4	2	2	2	2	2	3
3	1	3	2	2	1931	1	8	2	2	2	2	2	5	2
3	2	3	3	1	1931	1	8	3	2	2	1	2	2	2
3	4	4	4	1	1932	1	8	5	1	3	3	2	4	2
3	2	2	2	2	1932	1	8	3	2	3	2	2	3	2
3	2	2	2	2	1932	2	8	3	2	2	2	1	2	2
3	3	3	3	2	1932	2	8	2	2	3	2	2	2	1
3	2	2	2	2	1932	0	8	2	2	2	2	2	3	2
3	3	3	3	1	1933	2	8	4	1	3	2	2	4	1
3	7	7	7	2	1933	1	8	2	1	2	2	2	2	2
3	3	4	2	2	1933	1	8	2	2	2	5	2	5	2
3	2	2	3	1	1933	2	8	3	4	2	2	1	2	2
3	3	3	3	1	1933	1	8	6	6	6	6	6	4	4
3	3	3	4	2	1934	1	8	2	2	2	2	2	2	2
3	2	3	3	2	1934	1	8	3	2	2	6	3	3	2
3	3	3	3	1	1934	1	8	1	1	2	2	2	1	2
3	2	3	3	1	1934	2	8	2	5	3	3	3	4	2
3	3	3	3	1	1934	2	8	2	2	2	2	2	2	5
3	3	3	4	1	1934	0	8	2	2	2	3	2	2	2
3	4	4	4	2	1935	2	8	3	2	2	1	1	1	1
3	3	3	3	2	1935	2	8	6	2	2	2	2	2	2
3	3	4	2	1	1935	2	8	2	2	2	2	2	2	3
3	2	2	2	2	1935	2	8	3	2	2	2	1	1	1
3	2	2	2	1	1935	3	8	4	2	2	2	2	2	2
3	2	3	3	2	1936	1	8	9	9	9	9	9	9	9
3	4	3	3	1	1936	1	8	2	1	5	3	1	4	1
3	2	2	2	2	1936	1	8	1	2	3	2	3	2	2
3	3	3	3	2	1936	2	8	3	9	1	3	2	3	3
3	4	4	4	2	1937	2	8	3	3	2	3	1	1	1
3	2	3	2	1	1937	2	8	2	3	2	2	3	2	3
3	3	3	4	2	1937	1	8	3	1	3	3	1	3	2
3	3	4	4	2	1937	2	8	3	3	6	1	2	2	3
3	2	2	2	2	1938	1	8	4	3	1	5	1	2	3
3	3	4	3	2	1938	2	8	2	1	2	2	3	3	2
3	4	4	4	2	1938	2	8	3	1	3	2	2	3	1
3	2	2	2	2	1939	1	8	6	1	1	1	1	2	1
3	3	4	4	2	1939	2	8	2	2	6	2	1	6	9
3	2	2	2	2	1939	2	8	3	2	3	3	2	2	2
3	2	2	2	2	1939	2	8	3	2	3	3	3	4	4
3	4	4	3	1	1939	2	8	2	2	3	2	1	2	3
3	2	2	2	1	1939	1	8	9	9	2	9	9	9	9
3	2	2	3	2	1939	2	8	3	2	4	2	3	3	2
3	2	3	4	2	1939	1	8	2	2	2	2	2	2	2
3	3	4	4	2	1939	3	8	3	3	2	4	1	2	2
3	2	4	2	1	1939	1	8	2	2	1	4	3	2	1
3	2	2	2	2	1940	2	8	3	2	3	2	3	3	1
3	2	2	1	2	1940	1	8	3	2	2	3	2	3	2
3	2	2	2	1	1940	2	8	3	4	2	2	1	4	2
3	2	2	2	2	1940	2	8	2	1	2	2	2	2	2
3	3	3	2	2	1940	2	8	1	1	2	2	2	2	1
3	3	3	3	2	1940	2	8	3	1	1	2	1	1	1
3	2	3	3	1	1940	1	8	1	2	2	3	2	3	2
3	3	2	3	1	1940	1	8	3	1	2	4	4	5	2
3	2	2	3	2	1941	2	8	3	2	2	3	2	2	2
3	2	3	3	1	1942	1	8	2	1	3	2	1	2	2
3	3	3	3	2	1942	2	8	5	2	3	3	3	2	2
3	2	3	2	2	1942	2	8	3	2	3	5	2	2	2
3	3	3	3	2	1942	2	8	3	3	4	3	3	3	2
3	2	2	4	2	1943	2	8	4	3	2	2	2	2	1
3	1	2	1	2	1943	2	8	2	2	2	2	1	3	3
3	3	2	2	2	1943	2	8	1	3	4	3	2	3	2
3	2	2	2	2	1943	2	8	3	2	2	3	2	3	2
3	2	3	3	1	1943	2	8	5	2	2	1	2	4	3
3	4	3	3	2	1943	2	8	1	1	2	1	3	3	1
3	4	4	4	1	1943	2	8	1	1	1	1	3	1	1
3	2	2	2	2	1943	5	8	2	2	2	2	2	2	2
3	4	3	4	1	1943	3	8	4	2	3	1	2	2	1
3	2	2	2	2	1944	2	8	5	1	1	4	2	1	1
3	3	2	3	2	1944	2	8	2	2	2	2	1	3	1
3	2	2	2	2	1944	1	8	5	4	5	5	1	2	2
3	3	3	3	2	1944	2	8	2	2	2	2	2	2	2
3	3	3	2	2	1944	2	8	3	2	2	3	2	2	2
3	4	4	4	1	1945	1	8	2	1	2	1	1	2	1
3	1	2	2	2	1945	2	8	5	5	3	5	2	1	2
3	3	3	4	1	1945	2	8	3	1	2	2	3	3	2
3	1	1	1	2	1945	2	8	5	3	3	4	2	2	5
3	2	2	2	1	1946	1	8	3	1	2	4	1	2	1
3	3	3	3	2	1946	2	8	9	9	9	9	9	9	9
3	2	3	3	2	1947	2	8	3	4	3	3	2	2	3
3	2	2	3	2	1947	2	8	3	3	3	3	2	3	2
3	2	4	3	2	1947	2	8	2	2	2	2	2	2	2
3	1	1	1	2	1948	2	8	4	5	1	2	1	1	3
3	2	3	4	1	1948	1	8	4	1	3	1	1	2	1
3	2	2	2	2	1948	2	8	3	5	4	3	2	6	2
3	3	3	2	2	1948	3	8	4	3	6	3	1	2	1
3	3	3	3	1	1948	2	8	4	4	6	6	5	6	3
3	2	2	2	2	1948	2	8	3	2	4	4	3	1	1
3	2	2	2	2	1948	1	8	3	1	5	1	1	1	1
3	3	3	3	2	1949	1	8	4	4	4	4	2	3	4
3	3	4	4	2	1949	2	8	5	4	6	5	3	6	5
3	4	4	4	2	1949	1	8	1	1	1	1	2	1	1
3	4	4	4	2	1949	1	8	5	5	1	5	2	1	2
3	2	2	1	2	1949	1	8	4	1	2	2	2	2	1
3	4	4	4	2	1950	2	8	2	2	5	2	2	2	2
3	2	2	2	2	1950	2	8	3	2	2	2	3	2	2
3	3	3	3	2	1951	1	8	5	1	3	2	2	2	3
3	3	2	2	1	1951	2	8	2	1	2	1	2	2	1
3	2	4	4	2	1952	1	8	3	1	3	3	2	2	3
3	4	4	3	2	1952	1	8	2	5	2	2	3	3	3
3	1	1	2	1	1952	1	8	2	2	2	2	2	2	2
3	4	4	4	2	1952	2	8	3	1	1	1	1	2	1
3	2	4	4	2	1952	2	8	2	1	2	2	2	2	2
3	2	2	2	1	1955	2	8	2	2	2	2	1	2	1
3	3	3	3	2	1955	2	8	6	1	2	3	2	2	1
3	3	2	4	1	1956	1	8	9	1	2	1	1	1	3
3	3	3	3	1	1957	1	8	2	4	2	3	5	2	2
3	8	4	8	1	1959	1	8	1	2	3	2	3	3	3
3	4	4	4	2	1965	3	8	4	3	3	4	2	3	2
3	1	2	2	2	1965	2	8	4	5	4	2	2	2	5
3	2	2	2	2	1966	2	8	9	9	9	9	9	9	9
3	2	2	2	1	1969	1	8	2	5	2	3	2	2	2
3	2	2	2	2	1970	2	8	2	1	2	2	1	2	1
3	2	2	2	2	1971	3	8	2	2	5	4	2	3	3
3	1	1	4	1	1974	1	8	5	2	5	2	2	2	2
3	2	2	2	1	1980	1	8	3	2	3	2	1	2	2
3	3	3	2	1	1987	1	8	2	1	4	1	1	1	1
3	4	4	4	1	1988	2	8	2	2	5	5	2	3	2
3	2	2	2	2	1988	1	8	4	4	3	3	2	3	4
3	2	1	3	2	1989	1	8	3	3	2	1	2	3	1
3	4	4	4	1	1989	2	8	3	3	3	3	2	2	1
3	2	2	2	2	1989	1	8	4	2	2	3	3	2	3
3	3	3	3	2	1912	1	7	2	1	1	2	1	3	2
3	4	4	4	1	1913	1	7	2	3	2	2	2	3	1
3	2	4	4	2	1916	1	7	3	1	3	1	2	3	1
3	1	2	1	2	1917	1	7	3	2	2	1	3	2	3
3	3	3	3	2	1919	1	7	2	2	2	2	2	2	2
3	1	2	2	2	1919	1	7	1	1	1	2	2	3	3
3	3	4	3	2	1919	1	7	1	1	1	1	1	1	1
3	3	3	4	2	1919	1	7	4	2	4	2	2	3	2
3	4	4	7	2	1921	1	7	5	3	4	4	3	4	5
3	4	4	4	2	1921	1	7	3	2	2	2	1	2	1
3	3	2	2	2	1921	1	7	5	3	2	4	2	2	2
3	1	7	8	2	1922	1	7	2	2	3	2	2	5	2
3	2	2	2	2	1922	1	7	3	1	1	1	1	2	1
3	2	3	2	2	1923	0	7	6	4	4	3	3	5	2
3	3	2	1	2	1923	1	7	1	1	1	1	2	4	1
3	2	3	2	2	1923	1	7	2	1	1	2	1	3	1
3	2	2	2	2	1923	2	7	9	9	9	9	9	9	9
3	2	2	3	2	1923	1	7	4	1	3	1	2	3	1
3	2	2	8	2	1924	1	7	2	1	2	2	2	3	2
3	4	4	2	2	1925	1	7	6	3	1	5	1	6	2
3	2	2	2	2	1926	1	7	2	2	3	2	1	1	2
3	3	3	3	2	1926	1	7	1	2	2	2	2	2	2
3	3	3	3	2	1927	1	7	1	2	2	2	1	2	1
3	4	4	4	2	1929	1	7	3	5	2	3	2	2	3
3	3	3	3	2	1931	2	7	4	1	2	2	2	3	2
3	2	2	2	1	1931	1	7	2	2	1	4	1	3	2
3	4	4	4	2	1931	1	7	2	2	2	3	3	2	2
3	2	2	2	1	1931	1	7	2	3	4	2	2	2	2
3	3	3	3	1	1932	1	7	3	3	4	3	2	2	2
3	3	3	3	2	1932	1	7	2	2	3	2	3	4	2
3	4	4	4	2	1934	0	7	4	4	5	1	2	3	6
3	2	2	3	2	1934	0	7	4	1	1	1	1	1	1
3	3	3	3	1	1935	4	7	2	2	5	3	6	2	3
3	1	2	2	1	1936	1	7	1	1	1	1	1	1	1
3	4	4	4	2	1936	1	7	5	4	6	5	5	5	4
3	2	2	2	2	1936	1	7	3	3	2	2	4	2	1
3	2	3	3	1	1939	1	7	1	2	3	2	2	2	2
3	3	3	4	1	1939	2	7	3	2	2	3	2	2	2
3	4	4	3	1	1939	2	7	2	2	3	3	1	3	3
3	2	3	2	2	1940	0	7	2	4	3	3	1	3	3
3	2	1	1	1	1941	2	7	2	1	3	2	1	1	2
3	3	2	2	1	1946	1	7	5	2	5	5	1	5	1
3	4	4	3	1	1947	1	7	2	3	2	1	1	2	1
3	2	2	2	2	1947	2	7	4	2	2	2	2	2	1
3	4	3	4	2	1947	1	7	2	2	2	2	1	2	1
3	4	4	4	2	1950	1	7	3	3	6	5	1	3	1
3	4	3	3	1	1951	2	7	2	2	4	2	5	2	2
3	4	4	3	2	1954	2	7	2	2	2	2	2	2	2
3	2	2	3	2	1954	1	7	3	5	4	3	2	1	1
3	4	4	4	2	1954	2	7	5	3	6	4	1	2	1
3	2	3	3	2	1954	1	7	1	5	4	6	1	2	1
3	1	4	2	2	1957	1	7	2	2	2	2	2	2	2
3	4	4	4	1	1966	1	7	1	1	1	1	1	2	4
3	1	2	1	1	1972	3	7	4	4	3	3	3	3	9
3	2	2	2	2	1975	1	7	2	2	1	1	2	2	2
3	2	2	3	2	1977	4	7	2	5	2	2	1	1	2
3	2	2	3	1	1981	1	7	5	3	4	5	1	4	2
3	4	4	3	2	1912	1	6	2	2	2	2	4	2	2
3	2	2	2	2	1914	1	6	2	1	2	2	2	2	2
3	3	3	3	2	1914	1	6	1	1	1	2	2	1	3
3	3	4	3	2	1914	1	6	5	3	5	5	2	5	3
3	2	2	2	2	1915	1	6	2	1	2	1	1	1	1
3	3	3	3	2	1917	1	6	2	2	2	2	2	2	2
3	3	4	4	2	1917	0	6	1	2	1	3	2	3	2
3	3	4	4	1	1920	1	6	2	2	2	2	1	2	2
3	3	3	3	2	1923	1	6	2	2	2	2	2	2	2
3	2	2	2	1	1923	1	6	2	2	2	1	2	2	2
3	2	3	3	2	1924	1	6	4	2	2	2	1	2	2
3	2	2	2	1	1924	1	6	2	2	2	3	1	2	2
3	4	4	4	2	1926	1	6	1	1	1	1	1	2	2
3	2	3	8	1	1927	1	6	1	1	2	1	1	2	1
3	3	3	4	2	1927	1	6	4	3	2	3	3	3	2
3	2	2	2	2	1927	1	6	2	2	2	3	5	3	3
3	3	3	3	2	1928	1	6	1	6	2	1	2	2	1
3	4	4	4	2	1928	1	6	2	2	2	3	2	3	3
3	3	3	3	2	1929	1	6	1	1	1	1	2	1	1
3	4	4	4	2	1930	2	6	5	2	5	3	1	2	3
3	2	2	2	1	1930	1	6	3	2	2	2	2	3	3
3	2	2	2	2	1931	1	6	1	3	2	1	1	4	2
3	2	4	4	1	1932	1	6	2	2	2	2	2	3	3
3	3	3	3	1	1932	1	6	2	2	2	2	2	2	2
3	1	2	3	1	1933	1	6	5	6	1	6	1	4	1
3	2	2	2	2	1933	1	6	2	1	1	3	5	3	2
3	3	2	3	2	1933	2	6	3	4	1	1	2	1	1
3	4	4	4	2	1933	1	6	2	2	1	5	2	4	1
3	4	4	2	2	1933	0	6	2	1	2	2	4	1	9
3	2	2	2	2	1933	1	6	1	3	4	3	2	2	1
3	4	4	4	2	1934	1	6	3	3	1	3	3	2	1
3	4	4	4	1	1934	1	6	3	1	1	1	1	1	1
3	2	3	8	2	1934	1	6	1	1	9	1	1	1	1
3	4	4	2	2	1934	1	6	3	2	1	2	3	2	1
3	3	3	3	2	1934	1	6	2	2	6	2	4	2	2
3	4	4	4	2	1935	1	6	5	2	2	2	2	2	2
3	2	2	2	1	1936	1	6	3	3	3	3	3	3	2
3	2	3	3	1	1938	1	6	3	3	2	2	2	3	2
3	2	2	2	1	1938	2	6	3	2	5	3	2	2	2
3	4	4	4	2	1939	1	6	2	2	2	2	2	2	2
3	4	4	4	1	1940	2	6	2	1	3	1	1	1	2
3	2	2	2	1	1940	1	6	2	5	5	5	2	2	5
3	4	4	4	1	1940	1	6	2	2	2	2	2	2	2
3	3	3	3	2	1941	1	6	2	2	2	2	2	2	2
3	2	2	2	2	1941	2	6	2	2	3	3	4	2	3
3	4	4	4	1	1941	1	6	1	1	1	1	1	4	1
3	2	2	2	2	1942	0	6	2	2	4	5	2	3	1
3	2	3	3	2	1942	1	6	2	4	3	2	1	2	2
3	3	3	4	1	1942	1	6	4	1	2	3	2	3	1
3	2	2	4	2	1943	0	6	2	6	6	5	1	5	6
3	3	2	2	2	1944	1	6	4	2	4	2	2	2	1
3	3	4	4	2	1947	1	6	9	9	9	9	9	9	9
3	4	4	8	2	1948	1	6	2	2	2	2	2	2	2
3	2	2	2	1	1952	1	6	3	2	2	4	3	5	3
3	2	4	4	1	1954	1	6	3	3	2	3	2	2	2
3	4	2	2	1	1954	1	6	2	3	3	4	2	2	2
3	4	4	4	2	1954	0	6	2	2	5	5	1	2	2
3	1	1	1	1	1959	1	6	4	5	5	5	2	3	4
3	2	2	4	2	1960	1	6	3	3	2	3	2	2	2
3	2	2	2	1	1960	2	6	4	2	1	2	3	3	3
3	3	3	3	2	1968	1	6	4	6	4	5	1	5	5
3	3	3	3	2	1971	1	6	3	2	2	2	1	2	2
3	4	4	2	2	1972	1	6	2	1	3	2	2	2	1
3	1	1	2	1	1987	1	6	5	6	5	5	2	4	3
3	3	3	4	1	1988	1	6	3	4	3	3	1	2	2
3	2	2	2	2	9	1	6	4	2	3	1	3	3	2
3	4	4	4	2	1916	1	5	2	1	2	2	2	2	3
3	3	3	4	2	1928	0	5	1	1	1	1	1	1	1
3	2	2	2	2	1938	3	5	3	2	1	1	1	2	1
3	4	4	4	1	1939	1	5	9	9	9	9	9	9	9
3	2	2	2	1	1986	1	5	3	3	4	3	3	2	2
3	4	2	2	1	1932	1	4	3	2	5	2	2	1	1
3	4	4	4	2	1938	0	4	5	4	5	3	2	4	4
3	3	2	3	1	1939	3	4	1	1	1	3	1	4	1
3	3	2	4	2	1958	2	4	3	3	3	3	2	2	3
3	3	3	3	2	1965	2	4	2	4	4	4	3	2	3
3	3	3	3	2	1968	5	4	3	1	6	2	1	1	1
3	3	3	3	1	1983	3	4	3	2	4	2	3	2	3
3	3	3	3	2	1945	0	3	3	3	3	5	3	4	3
3	3	3	3	1	1922	2	2	4	2	3	2	2	2	2
3	3	3	3	2	1945	3	2	5	4	4	3	2	2	2
3	3	3	3	2	1928	0	1	2	2	5	2	2	2	2
3	4	4	4	1	1931	0	1	2	1	1	1	1	5	1
3	4	4	4	1	1955	2	1	3	2	2	4	2	3	2
3	2	8	8	2	1976	0	1	2	1	2	2	2	2	3